 -20.00 	 1080.00 
 -19.99 	 1080.86 
 -19.98 	 1081.72 
 -19.97 	 1082.58 
 -19.96 	 1083.44 
 -19.95 	 1084.30 
 -19.94 	 1085.15 
 -19.93 	 1086.01 
 -19.92 	 1086.87 
 -19.91 	 1087.72 
 -19.90 	 1088.58 
 -19.89 	 1089.44 
 -19.88 	 1090.29 
 -19.87 	 1091.15 
 -19.86 	 1092.00 
 -19.85 	 1092.86 
 -19.84 	 1093.71 
 -19.83 	 1094.56 
 -19.82 	 1095.42 
 -19.81 	 1096.27 
 -19.80 	 1097.12 
 -19.79 	 1097.97 
 -19.78 	 1098.82 
 -19.77 	 1099.67 
 -19.76 	 1100.53 
 -19.75 	 1101.38 
 -19.74 	 1102.23 
 -19.73 	 1103.07 
 -19.72 	 1103.92 
 -19.71 	 1104.77 
 -19.70 	 1105.62 
 -19.69 	 1106.47 
 -19.68 	 1107.32 
 -19.67 	 1108.16 
 -19.66 	 1109.01 
 -19.65 	 1109.86 
 -19.64 	 1110.70 
 -19.63 	 1111.55 
 -19.62 	 1112.39 
 -19.61 	 1113.24 
 -19.60 	 1114.08 
 -19.59 	 1114.92 
 -19.58 	 1115.77 
 -19.57 	 1116.61 
 -19.56 	 1117.45 
 -19.55 	 1118.30 
 -19.54 	 1119.14 
 -19.53 	 1119.98 
 -19.52 	 1120.82 
 -19.51 	 1121.66 
 -19.50 	 1122.50 
 -19.49 	 1123.34 
 -19.48 	 1124.18 
 -19.47 	 1125.02 
 -19.46 	 1125.86 
 -19.45 	 1126.70 
 -19.44 	 1127.53 
 -19.43 	 1128.37 
 -19.42 	 1129.21 
 -19.41 	 1130.04 
 -19.40 	 1130.88 
 -19.39 	 1131.72 
 -19.38 	 1132.55 
 -19.37 	 1133.39 
 -19.36 	 1134.22 
 -19.35 	 1135.06 
 -19.34 	 1135.89 
 -19.33 	 1136.72 
 -19.32 	 1137.56 
 -19.31 	 1138.39 
 -19.30 	 1139.22 
 -19.29 	 1140.05 
 -19.28 	 1140.88 
 -19.27 	 1141.72 
 -19.26 	 1142.55 
 -19.25 	 1143.38 
 -19.24 	 1144.21 
 -19.23 	 1145.04 
 -19.22 	 1145.86 
 -19.21 	 1146.69 
 -19.20 	 1147.52 
 -19.19 	 1148.35 
 -19.18 	 1149.18 
 -19.17 	 1150.00 
 -19.16 	 1150.83 
 -19.15 	 1151.66 
 -19.14 	 1152.48 
 -19.13 	 1153.31 
 -19.12 	 1154.13 
 -19.11 	 1154.96 
 -19.10 	 1155.78 
 -19.09 	 1156.61 
 -19.08 	 1157.43 
 -19.07 	 1158.25 
 -19.06 	 1159.07 
 -19.05 	 1159.90 
 -19.04 	 1160.72 
 -19.03 	 1161.54 
 -19.02 	 1162.36 
 -19.01 	 1163.18 
 -19.00 	 1164.00 
 -18.99 	 1164.82 
 -18.98 	 1165.64 
 -18.97 	 1166.46 
 -18.96 	 1167.28 
 -18.95 	 1168.10 
 -18.94 	 1168.91 
 -18.93 	 1169.73 
 -18.92 	 1170.55 
 -18.91 	 1171.37 
 -18.90 	 1172.18 
 -18.89 	 1173.00 
 -18.88 	 1173.81 
 -18.87 	 1174.63 
 -18.86 	 1175.44 
 -18.85 	 1176.26 
 -18.84 	 1177.07 
 -18.83 	 1177.88 
 -18.82 	 1178.70 
 -18.81 	 1179.51 
 -18.80 	 1180.32 
 -18.79 	 1181.13 
 -18.78 	 1181.95 
 -18.77 	 1182.76 
 -18.76 	 1183.57 
 -18.75 	 1184.38 
 -18.74 	 1185.19 
 -18.73 	 1186.00 
 -18.72 	 1186.81 
 -18.71 	 1187.61 
 -18.70 	 1188.42 
 -18.69 	 1189.23 
 -18.68 	 1190.04 
 -18.67 	 1190.84 
 -18.66 	 1191.65 
 -18.65 	 1192.46 
 -18.64 	 1193.26 
 -18.63 	 1194.07 
 -18.62 	 1194.87 
 -18.61 	 1195.68 
 -18.60 	 1196.48 
 -18.59 	 1197.29 
 -18.58 	 1198.09 
 -18.57 	 1198.89 
 -18.56 	 1199.70 
 -18.55 	 1200.50 
 -18.54 	 1201.30 
 -18.53 	 1202.10 
 -18.52 	 1202.90 
 -18.51 	 1203.70 
 -18.50 	 1204.50 
 -18.49 	 1205.30 
 -18.48 	 1206.10 
 -18.47 	 1206.90 
 -18.46 	 1207.70 
 -18.45 	 1208.50 
 -18.44 	 1209.30 
 -18.43 	 1210.09 
 -18.42 	 1210.89 
 -18.41 	 1211.69 
 -18.40 	 1212.48 
 -18.39 	 1213.28 
 -18.38 	 1214.07 
 -18.37 	 1214.87 
 -18.36 	 1215.66 
 -18.35 	 1216.46 
 -18.34 	 1217.25 
 -18.33 	 1218.05 
 -18.32 	 1218.84 
 -18.31 	 1219.63 
 -18.30 	 1220.42 
 -18.29 	 1221.21 
 -18.28 	 1222.01 
 -18.27 	 1222.80 
 -18.26 	 1223.59 
 -18.25 	 1224.38 
 -18.24 	 1225.17 
 -18.23 	 1225.96 
 -18.22 	 1226.75 
 -18.21 	 1227.54 
 -18.20 	 1228.32 
 -18.19 	 1229.11 
 -18.18 	 1229.90 
 -18.17 	 1230.69 
 -18.16 	 1231.47 
 -18.15 	 1232.26 
 -18.14 	 1233.04 
 -18.13 	 1233.83 
 -18.12 	 1234.61 
 -18.11 	 1235.40 
 -18.10 	 1236.18 
 -18.09 	 1236.97 
 -18.08 	 1237.75 
 -18.07 	 1238.53 
 -18.06 	 1239.32 
 -18.05 	 1240.10 
 -18.04 	 1240.88 
 -18.03 	 1241.66 
 -18.02 	 1242.44 
 -18.01 	 1243.22 
 -18.00 	 1244.00 
 -17.99 	 1244.78 
 -17.98 	 1245.56 
 -17.97 	 1246.34 
 -17.96 	 1247.12 
 -17.95 	 1247.90 
 -17.94 	 1248.68 
 -17.93 	 1249.45 
 -17.92 	 1250.23 
 -17.91 	 1251.01 
 -17.90 	 1251.78 
 -17.89 	 1252.56 
 -17.88 	 1253.33 
 -17.87 	 1254.11 
 -17.86 	 1254.88 
 -17.85 	 1255.66 
 -17.84 	 1256.43 
 -17.83 	 1257.21 
 -17.82 	 1257.98 
 -17.81 	 1258.75 
 -17.80 	 1259.52 
 -17.79 	 1260.30 
 -17.78 	 1261.07 
 -17.77 	 1261.84 
 -17.76 	 1262.61 
 -17.75 	 1263.38 
 -17.74 	 1264.15 
 -17.73 	 1264.92 
 -17.72 	 1265.69 
 -17.71 	 1266.46 
 -17.70 	 1267.22 
 -17.69 	 1267.99 
 -17.68 	 1268.76 
 -17.67 	 1269.53 
 -17.66 	 1270.29 
 -17.65 	 1271.06 
 -17.64 	 1271.82 
 -17.63 	 1272.59 
 -17.62 	 1273.36 
 -17.61 	 1274.12 
 -17.60 	 1274.88 
 -17.59 	 1275.65 
 -17.58 	 1276.41 
 -17.57 	 1277.17 
 -17.56 	 1277.94 
 -17.55 	 1278.70 
 -17.54 	 1279.46 
 -17.53 	 1280.22 
 -17.52 	 1280.98 
 -17.51 	 1281.74 
 -17.50 	 1282.50 
 -17.49 	 1283.26 
 -17.48 	 1284.02 
 -17.47 	 1284.78 
 -17.46 	 1285.54 
 -17.45 	 1286.30 
 -17.44 	 1287.06 
 -17.43 	 1287.81 
 -17.42 	 1288.57 
 -17.41 	 1289.33 
 -17.40 	 1290.08 
 -17.39 	 1290.84 
 -17.38 	 1291.60 
 -17.37 	 1292.35 
 -17.36 	 1293.11 
 -17.35 	 1293.86 
 -17.34 	 1294.61 
 -17.33 	 1295.37 
 -17.32 	 1296.12 
 -17.31 	 1296.87 
 -17.30 	 1297.62 
 -17.29 	 1298.38 
 -17.28 	 1299.13 
 -17.27 	 1299.88 
 -17.26 	 1300.63 
 -17.25 	 1301.38 
 -17.24 	 1302.13 
 -17.23 	 1302.88 
 -17.22 	 1303.63 
 -17.21 	 1304.38 
 -17.20 	 1305.12 
 -17.19 	 1305.87 
 -17.18 	 1306.62 
 -17.17 	 1307.37 
 -17.16 	 1308.11 
 -17.15 	 1308.86 
 -17.14 	 1309.61 
 -17.13 	 1310.35 
 -17.12 	 1311.10 
 -17.11 	 1311.84 
 -17.10 	 1312.58 
 -17.09 	 1313.33 
 -17.08 	 1314.07 
 -17.07 	 1314.82 
 -17.06 	 1315.56 
 -17.05 	 1316.30 
 -17.04 	 1317.04 
 -17.03 	 1317.78 
 -17.02 	 1318.52 
 -17.01 	 1319.26 
 -17.00 	 1320.01 
 -16.99 	 1320.74 
 -16.98 	 1321.48 
 -16.97 	 1322.22 
 -16.96 	 1322.96 
 -16.95 	 1323.70 
 -16.94 	 1324.44 
 -16.93 	 1325.18 
 -16.92 	 1325.91 
 -16.91 	 1326.65 
 -16.90 	 1327.39 
 -16.89 	 1328.12 
 -16.88 	 1328.86 
 -16.87 	 1329.59 
 -16.86 	 1330.33 
 -16.85 	 1331.06 
 -16.84 	 1331.79 
 -16.83 	 1332.53 
 -16.82 	 1333.26 
 -16.81 	 1333.99 
 -16.80 	 1334.73 
 -16.79 	 1335.46 
 -16.78 	 1336.19 
 -16.77 	 1336.92 
 -16.76 	 1337.65 
 -16.75 	 1338.38 
 -16.74 	 1339.11 
 -16.73 	 1339.84 
 -16.72 	 1340.57 
 -16.71 	 1341.30 
 -16.70 	 1342.03 
 -16.69 	 1342.75 
 -16.68 	 1343.48 
 -16.67 	 1344.21 
 -16.66 	 1344.93 
 -16.65 	 1345.66 
 -16.64 	 1346.39 
 -16.63 	 1347.11 
 -16.62 	 1347.84 
 -16.61 	 1348.56 
 -16.60 	 1349.29 
 -16.59 	 1350.01 
 -16.58 	 1350.73 
 -16.57 	 1351.46 
 -16.56 	 1352.18 
 -16.55 	 1352.90 
 -16.54 	 1353.62 
 -16.53 	 1354.34 
 -16.52 	 1355.06 
 -16.51 	 1355.79 
 -16.50 	 1356.51 
 -16.49 	 1357.23 
 -16.48 	 1357.94 
 -16.47 	 1358.66 
 -16.46 	 1359.38 
 -16.45 	 1360.10 
 -16.44 	 1360.82 
 -16.43 	 1361.54 
 -16.42 	 1362.25 
 -16.41 	 1362.97 
 -16.40 	 1363.69 
 -16.39 	 1364.40 
 -16.38 	 1365.12 
 -16.37 	 1365.83 
 -16.36 	 1366.55 
 -16.35 	 1367.26 
 -16.34 	 1367.97 
 -16.33 	 1368.69 
 -16.32 	 1369.40 
 -16.31 	 1370.11 
 -16.30 	 1370.83 
 -16.29 	 1371.54 
 -16.28 	 1372.25 
 -16.27 	 1372.96 
 -16.26 	 1373.67 
 -16.25 	 1374.38 
 -16.24 	 1375.09 
 -16.23 	 1375.80 
 -16.22 	 1376.51 
 -16.21 	 1377.22 
 -16.20 	 1377.93 
 -16.19 	 1378.63 
 -16.18 	 1379.34 
 -16.17 	 1380.05 
 -16.16 	 1380.76 
 -16.15 	 1381.46 
 -16.14 	 1382.17 
 -16.13 	 1382.87 
 -16.12 	 1383.58 
 -16.11 	 1384.28 
 -16.10 	 1384.99 
 -16.09 	 1385.69 
 -16.08 	 1386.39 
 -16.07 	 1387.10 
 -16.06 	 1387.80 
 -16.05 	 1388.50 
 -16.04 	 1389.20 
 -16.03 	 1389.90 
 -16.02 	 1390.61 
 -16.01 	 1391.31 
 -16.00 	 1392.01 
 -15.99 	 1392.71 
 -15.98 	 1393.41 
 -15.97 	 1394.10 
 -15.96 	 1394.80 
 -15.95 	 1395.50 
 -15.94 	 1396.20 
 -15.93 	 1396.90 
 -15.92 	 1397.59 
 -15.91 	 1398.29 
 -15.90 	 1398.99 
 -15.89 	 1399.68 
 -15.88 	 1400.38 
 -15.87 	 1401.07 
 -15.86 	 1401.77 
 -15.85 	 1402.46 
 -15.84 	 1403.16 
 -15.83 	 1403.85 
 -15.82 	 1404.54 
 -15.81 	 1405.23 
 -15.80 	 1405.93 
 -15.79 	 1406.62 
 -15.78 	 1407.31 
 -15.77 	 1408.00 
 -15.76 	 1408.69 
 -15.75 	 1409.38 
 -15.74 	 1410.07 
 -15.73 	 1410.76 
 -15.72 	 1411.45 
 -15.71 	 1412.14 
 -15.70 	 1412.83 
 -15.69 	 1413.51 
 -15.68 	 1414.20 
 -15.67 	 1414.89 
 -15.66 	 1415.58 
 -15.65 	 1416.26 
 -15.64 	 1416.95 
 -15.63 	 1417.63 
 -15.62 	 1418.32 
 -15.61 	 1419.00 
 -15.60 	 1419.69 
 -15.59 	 1420.37 
 -15.58 	 1421.05 
 -15.57 	 1421.74 
 -15.56 	 1422.42 
 -15.55 	 1423.10 
 -15.54 	 1423.78 
 -15.53 	 1424.47 
 -15.52 	 1425.15 
 -15.51 	 1425.83 
 -15.50 	 1426.51 
 -15.49 	 1427.19 
 -15.48 	 1427.87 
 -15.47 	 1428.55 
 -15.46 	 1429.22 
 -15.45 	 1429.90 
 -15.44 	 1430.58 
 -15.43 	 1431.26 
 -15.42 	 1431.93 
 -15.41 	 1432.61 
 -15.40 	 1433.29 
 -15.39 	 1433.96 
 -15.38 	 1434.64 
 -15.37 	 1435.31 
 -15.36 	 1435.99 
 -15.35 	 1436.66 
 -15.34 	 1437.34 
 -15.33 	 1438.01 
 -15.32 	 1438.68 
 -15.31 	 1439.35 
 -15.30 	 1440.03 
 -15.29 	 1440.70 
 -15.28 	 1441.37 
 -15.27 	 1442.04 
 -15.26 	 1442.71 
 -15.25 	 1443.38 
 -15.24 	 1444.05 
 -15.23 	 1444.72 
 -15.22 	 1445.39 
 -15.21 	 1446.06 
 -15.20 	 1446.73 
 -15.19 	 1447.40 
 -15.18 	 1448.06 
 -15.17 	 1448.73 
 -15.16 	 1449.40 
 -15.15 	 1450.06 
 -15.14 	 1450.73 
 -15.13 	 1451.39 
 -15.12 	 1452.06 
 -15.11 	 1452.72 
 -15.10 	 1453.39 
 -15.09 	 1454.05 
 -15.08 	 1454.71 
 -15.07 	 1455.38 
 -15.06 	 1456.04 
 -15.05 	 1456.70 
 -15.04 	 1457.36 
 -15.03 	 1458.03 
 -15.02 	 1458.69 
 -15.01 	 1459.35 
 -15.00 	 1460.01 
 -14.99 	 1460.67 
 -14.98 	 1461.33 
 -14.97 	 1461.99 
 -14.96 	 1462.64 
 -14.95 	 1463.30 
 -14.94 	 1463.96 
 -14.93 	 1464.62 
 -14.92 	 1465.27 
 -14.91 	 1465.93 
 -14.90 	 1466.59 
 -14.89 	 1467.24 
 -14.88 	 1467.90 
 -14.87 	 1468.55 
 -14.86 	 1469.21 
 -14.85 	 1469.86 
 -14.84 	 1470.52 
 -14.83 	 1471.17 
 -14.82 	 1471.82 
 -14.81 	 1472.48 
 -14.80 	 1473.13 
 -14.79 	 1473.78 
 -14.78 	 1474.43 
 -14.77 	 1475.08 
 -14.76 	 1475.73 
 -14.75 	 1476.38 
 -14.74 	 1477.03 
 -14.73 	 1477.68 
 -14.72 	 1478.33 
 -14.71 	 1478.98 
 -14.70 	 1479.63 
 -14.69 	 1480.28 
 -14.68 	 1480.92 
 -14.67 	 1481.57 
 -14.66 	 1482.22 
 -14.65 	 1482.86 
 -14.64 	 1483.51 
 -14.63 	 1484.15 
 -14.62 	 1484.80 
 -14.61 	 1485.44 
 -14.60 	 1486.09 
 -14.59 	 1486.73 
 -14.58 	 1487.38 
 -14.57 	 1488.02 
 -14.56 	 1488.66 
 -14.55 	 1489.30 
 -14.54 	 1489.94 
 -14.53 	 1490.59 
 -14.52 	 1491.23 
 -14.51 	 1491.87 
 -14.50 	 1492.51 
 -14.49 	 1493.15 
 -14.48 	 1493.79 
 -14.47 	 1494.43 
 -14.46 	 1495.06 
 -14.45 	 1495.70 
 -14.44 	 1496.34 
 -14.43 	 1496.98 
 -14.42 	 1497.62 
 -14.41 	 1498.25 
 -14.40 	 1498.89 
 -14.39 	 1499.52 
 -14.38 	 1500.16 
 -14.37 	 1500.79 
 -14.36 	 1501.43 
 -14.35 	 1502.06 
 -14.34 	 1502.70 
 -14.33 	 1503.33 
 -14.32 	 1503.96 
 -14.31 	 1504.60 
 -14.30 	 1505.23 
 -14.29 	 1505.86 
 -14.28 	 1506.49 
 -14.27 	 1507.12 
 -14.26 	 1507.75 
 -14.25 	 1508.38 
 -14.24 	 1509.01 
 -14.23 	 1509.64 
 -14.22 	 1510.27 
 -14.21 	 1510.90 
 -14.20 	 1511.53 
 -14.19 	 1512.16 
 -14.18 	 1512.78 
 -14.17 	 1513.41 
 -14.16 	 1514.04 
 -14.15 	 1514.66 
 -14.14 	 1515.29 
 -14.13 	 1515.91 
 -14.12 	 1516.54 
 -14.11 	 1517.16 
 -14.10 	 1517.79 
 -14.09 	 1518.41 
 -14.08 	 1519.04 
 -14.07 	 1519.66 
 -14.06 	 1520.28 
 -14.05 	 1520.90 
 -14.04 	 1521.53 
 -14.03 	 1522.15 
 -14.02 	 1522.77 
 -14.01 	 1523.39 
 -14.00 	 1524.01 
 -13.99 	 1524.63 
 -13.98 	 1525.25 
 -13.97 	 1525.87 
 -13.96 	 1526.49 
 -13.95 	 1527.10 
 -13.94 	 1527.72 
 -13.93 	 1528.34 
 -13.92 	 1528.96 
 -13.91 	 1529.57 
 -13.90 	 1530.19 
 -13.89 	 1530.80 
 -13.88 	 1531.42 
 -13.87 	 1532.03 
 -13.86 	 1532.65 
 -13.85 	 1533.26 
 -13.84 	 1533.88 
 -13.83 	 1534.49 
 -13.82 	 1535.10 
 -13.81 	 1535.72 
 -13.80 	 1536.33 
 -13.79 	 1536.94 
 -13.78 	 1537.55 
 -13.77 	 1538.16 
 -13.76 	 1538.77 
 -13.75 	 1539.38 
 -13.74 	 1539.99 
 -13.73 	 1540.60 
 -13.72 	 1541.21 
 -13.71 	 1541.82 
 -13.70 	 1542.43 
 -13.69 	 1543.04 
 -13.68 	 1543.64 
 -13.67 	 1544.25 
 -13.66 	 1544.86 
 -13.65 	 1545.46 
 -13.64 	 1546.07 
 -13.63 	 1546.68 
 -13.62 	 1547.28 
 -13.61 	 1547.88 
 -13.60 	 1548.49 
 -13.59 	 1549.09 
 -13.58 	 1549.70 
 -13.57 	 1550.30 
 -13.56 	 1550.90 
 -13.55 	 1551.50 
 -13.54 	 1552.11 
 -13.53 	 1552.71 
 -13.52 	 1553.31 
 -13.51 	 1553.91 
 -13.50 	 1554.51 
 -13.49 	 1555.11 
 -13.48 	 1555.71 
 -13.47 	 1556.31 
 -13.46 	 1556.91 
 -13.45 	 1557.50 
 -13.44 	 1558.10 
 -13.43 	 1558.70 
 -13.42 	 1559.30 
 -13.41 	 1559.89 
 -13.40 	 1560.49 
 -13.39 	 1561.08 
 -13.38 	 1561.68 
 -13.37 	 1562.28 
 -13.36 	 1562.87 
 -13.35 	 1563.46 
 -13.34 	 1564.06 
 -13.33 	 1564.65 
 -13.32 	 1565.24 
 -13.31 	 1565.84 
 -13.30 	 1566.43 
 -13.29 	 1567.02 
 -13.28 	 1567.61 
 -13.27 	 1568.20 
 -13.26 	 1568.79 
 -13.25 	 1569.38 
 -13.24 	 1569.97 
 -13.23 	 1570.56 
 -13.22 	 1571.15 
 -13.21 	 1571.74 
 -13.20 	 1572.33 
 -13.19 	 1572.92 
 -13.18 	 1573.50 
 -13.17 	 1574.09 
 -13.16 	 1574.68 
 -13.15 	 1575.26 
 -13.14 	 1575.85 
 -13.13 	 1576.44 
 -13.12 	 1577.02 
 -13.11 	 1577.60 
 -13.10 	 1578.19 
 -13.09 	 1578.77 
 -13.08 	 1579.36 
 -13.07 	 1579.94 
 -13.06 	 1580.52 
 -13.05 	 1581.10 
 -13.04 	 1581.69 
 -13.03 	 1582.27 
 -13.02 	 1582.85 
 -13.01 	 1583.43 
 -13.00 	 1584.01 
 -12.99 	 1584.59 
 -12.98 	 1585.17 
 -12.97 	 1585.75 
 -12.96 	 1586.33 
 -12.95 	 1586.90 
 -12.94 	 1587.48 
 -12.93 	 1588.06 
 -12.92 	 1588.64 
 -12.91 	 1589.21 
 -12.90 	 1589.79 
 -12.89 	 1590.37 
 -12.88 	 1590.94 
 -12.87 	 1591.52 
 -12.86 	 1592.09 
 -12.85 	 1592.66 
 -12.84 	 1593.24 
 -12.83 	 1593.81 
 -12.82 	 1594.38 
 -12.81 	 1594.96 
 -12.80 	 1595.53 
 -12.79 	 1596.10 
 -12.78 	 1596.67 
 -12.77 	 1597.24 
 -12.76 	 1597.81 
 -12.75 	 1598.38 
 -12.74 	 1598.95 
 -12.73 	 1599.52 
 -12.72 	 1600.09 
 -12.71 	 1600.66 
 -12.70 	 1601.23 
 -12.69 	 1601.80 
 -12.68 	 1602.36 
 -12.67 	 1602.93 
 -12.66 	 1603.50 
 -12.65 	 1604.06 
 -12.64 	 1604.63 
 -12.63 	 1605.20 
 -12.62 	 1605.76 
 -12.61 	 1606.33 
 -12.60 	 1606.89 
 -12.59 	 1607.45 
 -12.58 	 1608.02 
 -12.57 	 1608.58 
 -12.56 	 1609.14 
 -12.55 	 1609.70 
 -12.54 	 1610.27 
 -12.53 	 1610.83 
 -12.52 	 1611.39 
 -12.51 	 1611.95 
 -12.50 	 1612.51 
 -12.49 	 1613.07 
 -12.48 	 1613.63 
 -12.47 	 1614.19 
 -12.46 	 1614.75 
 -12.45 	 1615.30 
 -12.44 	 1615.86 
 -12.43 	 1616.42 
 -12.42 	 1616.98 
 -12.41 	 1617.53 
 -12.40 	 1618.09 
 -12.39 	 1618.65 
 -12.38 	 1619.20 
 -12.37 	 1619.76 
 -12.36 	 1620.31 
 -12.35 	 1620.86 
 -12.34 	 1621.42 
 -12.33 	 1621.97 
 -12.32 	 1622.52 
 -12.31 	 1623.08 
 -12.30 	 1623.63 
 -12.29 	 1624.18 
 -12.28 	 1624.73 
 -12.27 	 1625.28 
 -12.26 	 1625.83 
 -12.25 	 1626.38 
 -12.24 	 1626.93 
 -12.23 	 1627.48 
 -12.22 	 1628.03 
 -12.21 	 1628.58 
 -12.20 	 1629.13 
 -12.19 	 1629.68 
 -12.18 	 1630.22 
 -12.17 	 1630.77 
 -12.16 	 1631.32 
 -12.15 	 1631.86 
 -12.14 	 1632.41 
 -12.13 	 1632.96 
 -12.12 	 1633.50 
 -12.11 	 1634.05 
 -12.10 	 1634.59 
 -12.09 	 1635.13 
 -12.08 	 1635.68 
 -12.07 	 1636.22 
 -12.06 	 1636.76 
 -12.05 	 1637.30 
 -12.04 	 1637.85 
 -12.03 	 1638.39 
 -12.02 	 1638.93 
 -12.01 	 1639.47 
 -12.00 	 1640.01 
 -11.99 	 1640.55 
 -11.98 	 1641.09 
 -11.97 	 1641.63 
 -11.96 	 1642.17 
 -11.95 	 1642.70 
 -11.94 	 1643.24 
 -11.93 	 1643.78 
 -11.92 	 1644.32 
 -11.91 	 1644.85 
 -11.90 	 1645.39 
 -11.89 	 1645.93 
 -11.88 	 1646.46 
 -11.87 	 1647.00 
 -11.86 	 1647.53 
 -11.85 	 1648.06 
 -11.84 	 1648.60 
 -11.83 	 1649.13 
 -11.82 	 1649.67 
 -11.81 	 1650.20 
 -11.80 	 1650.73 
 -11.79 	 1651.26 
 -11.78 	 1651.79 
 -11.77 	 1652.32 
 -11.76 	 1652.85 
 -11.75 	 1653.39 
 -11.74 	 1653.91 
 -11.73 	 1654.44 
 -11.72 	 1654.97 
 -11.71 	 1655.50 
 -11.70 	 1656.03 
 -11.69 	 1656.56 
 -11.68 	 1657.09 
 -11.67 	 1657.61 
 -11.66 	 1658.14 
 -11.65 	 1658.67 
 -11.64 	 1659.19 
 -11.63 	 1659.72 
 -11.62 	 1660.24 
 -11.61 	 1660.77 
 -11.60 	 1661.29 
 -11.59 	 1661.81 
 -11.58 	 1662.34 
 -11.57 	 1662.86 
 -11.56 	 1663.38 
 -11.55 	 1663.91 
 -11.54 	 1664.43 
 -11.53 	 1664.95 
 -11.52 	 1665.47 
 -11.51 	 1665.99 
 -11.50 	 1666.51 
 -11.49 	 1667.03 
 -11.48 	 1667.55 
 -11.47 	 1668.07 
 -11.46 	 1668.59 
 -11.45 	 1669.11 
 -11.44 	 1669.62 
 -11.43 	 1670.14 
 -11.42 	 1670.66 
 -11.41 	 1671.17 
 -11.40 	 1671.69 
 -11.39 	 1672.21 
 -11.38 	 1672.72 
 -11.37 	 1673.24 
 -11.36 	 1673.75 
 -11.35 	 1674.27 
 -11.34 	 1674.78 
 -11.33 	 1675.29 
 -11.32 	 1675.81 
 -11.31 	 1676.32 
 -11.30 	 1676.83 
 -11.29 	 1677.34 
 -11.28 	 1677.85 
 -11.27 	 1678.36 
 -11.26 	 1678.88 
 -11.25 	 1679.39 
 -11.24 	 1679.90 
 -11.23 	 1680.40 
 -11.22 	 1680.91 
 -11.21 	 1681.42 
 -11.20 	 1681.93 
 -11.19 	 1682.44 
 -11.18 	 1682.95 
 -11.17 	 1683.45 
 -11.16 	 1683.96 
 -11.15 	 1684.47 
 -11.14 	 1684.97 
 -11.13 	 1685.48 
 -11.12 	 1685.98 
 -11.11 	 1686.49 
 -11.10 	 1686.99 
 -11.09 	 1687.49 
 -11.08 	 1688.00 
 -11.07 	 1688.50 
 -11.06 	 1689.00 
 -11.05 	 1689.51 
 -11.04 	 1690.01 
 -11.03 	 1690.51 
 -11.02 	 1691.01 
 -11.01 	 1691.51 
 -11.00 	 1692.01 
 -10.99 	 1692.51 
 -10.98 	 1693.01 
 -10.97 	 1693.51 
 -10.96 	 1694.01 
 -10.95 	 1694.51 
 -10.94 	 1695.00 
 -10.93 	 1695.50 
 -10.92 	 1696.00 
 -10.91 	 1696.49 
 -10.90 	 1696.99 
 -10.89 	 1697.49 
 -10.88 	 1697.98 
 -10.87 	 1698.48 
 -10.86 	 1698.97 
 -10.85 	 1699.47 
 -10.84 	 1699.96 
 -10.83 	 1700.45 
 -10.82 	 1700.95 
 -10.81 	 1701.44 
 -10.80 	 1701.93 
 -10.79 	 1702.42 
 -10.78 	 1702.91 
 -10.77 	 1703.40 
 -10.76 	 1703.90 
 -10.75 	 1704.39 
 -10.74 	 1704.88 
 -10.73 	 1705.36 
 -10.72 	 1705.85 
 -10.71 	 1706.34 
 -10.70 	 1706.83 
 -10.69 	 1707.32 
 -10.68 	 1707.81 
 -10.67 	 1708.29 
 -10.66 	 1708.78 
 -10.65 	 1709.27 
 -10.64 	 1709.75 
 -10.63 	 1710.24 
 -10.62 	 1710.72 
 -10.61 	 1711.21 
 -10.60 	 1711.69 
 -10.59 	 1712.17 
 -10.58 	 1712.66 
 -10.57 	 1713.14 
 -10.56 	 1713.62 
 -10.55 	 1714.11 
 -10.54 	 1714.59 
 -10.53 	 1715.07 
 -10.52 	 1715.55 
 -10.51 	 1716.03 
 -10.50 	 1716.51 
 -10.49 	 1716.99 
 -10.48 	 1717.47 
 -10.47 	 1717.95 
 -10.46 	 1718.43 
 -10.45 	 1718.91 
 -10.44 	 1719.38 
 -10.43 	 1719.86 
 -10.42 	 1720.34 
 -10.41 	 1720.81 
 -10.40 	 1721.29 
 -10.39 	 1721.77 
 -10.38 	 1722.24 
 -10.37 	 1722.72 
 -10.36 	 1723.19 
 -10.35 	 1723.67 
 -10.34 	 1724.14 
 -10.33 	 1724.61 
 -10.32 	 1725.09 
 -10.31 	 1725.56 
 -10.30 	 1726.03 
 -10.29 	 1726.50 
 -10.28 	 1726.97 
 -10.27 	 1727.44 
 -10.26 	 1727.92 
 -10.25 	 1728.39 
 -10.24 	 1728.86 
 -10.23 	 1729.32 
 -10.22 	 1729.79 
 -10.21 	 1730.26 
 -10.20 	 1730.73 
 -10.19 	 1731.20 
 -10.18 	 1731.67 
 -10.17 	 1732.13 
 -10.16 	 1732.60 
 -10.15 	 1733.07 
 -10.14 	 1733.53 
 -10.13 	 1734.00 
 -10.12 	 1734.46 
 -10.11 	 1734.93 
 -10.10 	 1735.39 
 -10.09 	 1735.85 
 -10.08 	 1736.32 
 -10.07 	 1736.78 
 -10.06 	 1737.24 
 -10.05 	 1737.71 
 -10.04 	 1738.17 
 -10.03 	 1738.63 
 -10.02 	 1739.09 
 -10.01 	 1739.55 
 -10.00 	 1740.01 
 -9.99 	 1740.47 
 -9.98 	 1740.93 
 -9.97 	 1741.39 
 -9.96 	 1741.85 
 -9.95 	 1742.31 
 -9.94 	 1742.76 
 -9.93 	 1743.22 
 -9.92 	 1743.68 
 -9.91 	 1744.13 
 -9.90 	 1744.59 
 -9.89 	 1745.05 
 -9.88 	 1745.50 
 -9.87 	 1745.96 
 -9.86 	 1746.41 
 -9.85 	 1746.87 
 -9.84 	 1747.32 
 -9.83 	 1747.77 
 -9.82 	 1748.23 
 -9.81 	 1748.68 
 -9.80 	 1749.13 
 -9.79 	 1749.58 
 -9.78 	 1750.03 
 -9.77 	 1750.48 
 -9.76 	 1750.94 
 -9.75 	 1751.39 
 -9.74 	 1751.84 
 -9.73 	 1752.28 
 -9.72 	 1752.73 
 -9.71 	 1753.18 
 -9.70 	 1753.63 
 -9.69 	 1754.08 
 -9.68 	 1754.53 
 -9.67 	 1754.97 
 -9.66 	 1755.42 
 -9.65 	 1755.87 
 -9.64 	 1756.31 
 -9.63 	 1756.76 
 -9.62 	 1757.20 
 -9.61 	 1757.65 
 -9.60 	 1758.09 
 -9.59 	 1758.53 
 -9.58 	 1758.98 
 -9.57 	 1759.42 
 -9.56 	 1759.86 
 -9.55 	 1760.31 
 -9.54 	 1760.75 
 -9.53 	 1761.19 
 -9.52 	 1761.63 
 -9.51 	 1762.07 
 -9.50 	 1762.51 
 -9.49 	 1762.95 
 -9.48 	 1763.39 
 -9.47 	 1763.83 
 -9.46 	 1764.27 
 -9.45 	 1764.71 
 -9.44 	 1765.14 
 -9.43 	 1765.58 
 -9.42 	 1766.02 
 -9.41 	 1766.45 
 -9.40 	 1766.89 
 -9.39 	 1767.33 
 -9.38 	 1767.76 
 -9.37 	 1768.20 
 -9.36 	 1768.63 
 -9.35 	 1769.07 
 -9.34 	 1769.50 
 -9.33 	 1769.93 
 -9.32 	 1770.37 
 -9.31 	 1770.80 
 -9.30 	 1771.23 
 -9.29 	 1771.66 
 -9.28 	 1772.09 
 -9.27 	 1772.52 
 -9.26 	 1772.96 
 -9.25 	 1773.39 
 -9.24 	 1773.82 
 -9.23 	 1774.24 
 -9.22 	 1774.67 
 -9.21 	 1775.10 
 -9.20 	 1775.53 
 -9.19 	 1775.96 
 -9.18 	 1776.39 
 -9.17 	 1776.81 
 -9.16 	 1777.24 
 -9.15 	 1777.67 
 -9.14 	 1778.09 
 -9.13 	 1778.52 
 -9.12 	 1778.94 
 -9.11 	 1779.37 
 -9.10 	 1779.79 
 -9.09 	 1780.21 
 -9.08 	 1780.64 
 -9.07 	 1781.06 
 -9.06 	 1781.48 
 -9.05 	 1781.91 
 -9.04 	 1782.33 
 -9.03 	 1782.75 
 -9.02 	 1783.17 
 -9.01 	 1783.59 
 -9.00 	 1784.01 
 -8.99 	 1784.43 
 -8.98 	 1784.85 
 -8.97 	 1785.27 
 -8.96 	 1785.69 
 -8.95 	 1786.11 
 -8.94 	 1786.52 
 -8.93 	 1786.94 
 -8.92 	 1787.36 
 -8.91 	 1787.77 
 -8.90 	 1788.19 
 -8.89 	 1788.61 
 -8.88 	 1789.02 
 -8.87 	 1789.44 
 -8.86 	 1789.85 
 -8.85 	 1790.27 
 -8.84 	 1790.68 
 -8.83 	 1791.09 
 -8.82 	 1791.51 
 -8.81 	 1791.92 
 -8.80 	 1792.33 
 -8.79 	 1792.74 
 -8.78 	 1793.15 
 -8.77 	 1793.56 
 -8.76 	 1793.98 
 -8.75 	 1794.39 
 -8.74 	 1794.80 
 -8.73 	 1795.20 
 -8.72 	 1795.61 
 -8.71 	 1796.02 
 -8.70 	 1796.43 
 -8.69 	 1796.84 
 -8.68 	 1797.25 
 -8.67 	 1797.65 
 -8.66 	 1798.06 
 -8.65 	 1798.47 
 -8.64 	 1798.87 
 -8.63 	 1799.28 
 -8.62 	 1799.68 
 -8.61 	 1800.09 
 -8.60 	 1800.49 
 -8.59 	 1800.89 
 -8.58 	 1801.30 
 -8.57 	 1801.70 
 -8.56 	 1802.10 
 -8.55 	 1802.51 
 -8.54 	 1802.91 
 -8.53 	 1803.31 
 -8.52 	 1803.71 
 -8.51 	 1804.11 
 -8.50 	 1804.51 
 -8.49 	 1804.91 
 -8.48 	 1805.31 
 -8.47 	 1805.71 
 -8.46 	 1806.11 
 -8.45 	 1806.51 
 -8.44 	 1806.90 
 -8.43 	 1807.30 
 -8.42 	 1807.70 
 -8.41 	 1808.09 
 -8.40 	 1808.49 
 -8.39 	 1808.89 
 -8.38 	 1809.28 
 -8.37 	 1809.68 
 -8.36 	 1810.07 
 -8.35 	 1810.47 
 -8.34 	 1810.86 
 -8.33 	 1811.25 
 -8.32 	 1811.65 
 -8.31 	 1812.04 
 -8.30 	 1812.43 
 -8.29 	 1812.82 
 -8.28 	 1813.21 
 -8.27 	 1813.60 
 -8.26 	 1814.00 
 -8.25 	 1814.39 
 -8.24 	 1814.78 
 -8.23 	 1815.16 
 -8.22 	 1815.55 
 -8.21 	 1815.94 
 -8.20 	 1816.33 
 -8.19 	 1816.72 
 -8.18 	 1817.11 
 -8.17 	 1817.49 
 -8.16 	 1817.88 
 -8.15 	 1818.27 
 -8.14 	 1818.65 
 -8.13 	 1819.04 
 -8.12 	 1819.42 
 -8.11 	 1819.81 
 -8.10 	 1820.19 
 -8.09 	 1820.57 
 -8.08 	 1820.96 
 -8.07 	 1821.34 
 -8.06 	 1821.72 
 -8.05 	 1822.11 
 -8.04 	 1822.49 
 -8.03 	 1822.87 
 -8.02 	 1823.25 
 -8.01 	 1823.63 
 -8.00 	 1824.01 
 -7.99 	 1824.39 
 -7.98 	 1824.77 
 -7.97 	 1825.15 
 -7.96 	 1825.53 
 -7.95 	 1825.91 
 -7.94 	 1826.28 
 -7.93 	 1826.66 
 -7.92 	 1827.04 
 -7.91 	 1827.41 
 -7.90 	 1827.79 
 -7.89 	 1828.17 
 -7.88 	 1828.54 
 -7.87 	 1828.92 
 -7.86 	 1829.29 
 -7.85 	 1829.67 
 -7.84 	 1830.04 
 -7.83 	 1830.41 
 -7.82 	 1830.79 
 -7.81 	 1831.16 
 -7.80 	 1831.53 
 -7.79 	 1831.90 
 -7.78 	 1832.27 
 -7.77 	 1832.64 
 -7.76 	 1833.02 
 -7.75 	 1833.39 
 -7.74 	 1833.76 
 -7.73 	 1834.12 
 -7.72 	 1834.49 
 -7.71 	 1834.86 
 -7.70 	 1835.23 
 -7.69 	 1835.60 
 -7.68 	 1835.97 
 -7.67 	 1836.33 
 -7.66 	 1836.70 
 -7.65 	 1837.07 
 -7.64 	 1837.43 
 -7.63 	 1837.80 
 -7.62 	 1838.16 
 -7.61 	 1838.53 
 -7.60 	 1838.89 
 -7.59 	 1839.25 
 -7.58 	 1839.62 
 -7.57 	 1839.98 
 -7.56 	 1840.34 
 -7.55 	 1840.71 
 -7.54 	 1841.07 
 -7.53 	 1841.43 
 -7.52 	 1841.79 
 -7.51 	 1842.15 
 -7.50 	 1842.51 
 -7.49 	 1842.87 
 -7.48 	 1843.23 
 -7.47 	 1843.59 
 -7.46 	 1843.95 
 -7.45 	 1844.31 
 -7.44 	 1844.66 
 -7.43 	 1845.02 
 -7.42 	 1845.38 
 -7.41 	 1845.73 
 -7.40 	 1846.09 
 -7.39 	 1846.45 
 -7.38 	 1846.80 
 -7.37 	 1847.16 
 -7.36 	 1847.51 
 -7.35 	 1847.87 
 -7.34 	 1848.22 
 -7.33 	 1848.57 
 -7.32 	 1848.93 
 -7.31 	 1849.28 
 -7.30 	 1849.63 
 -7.29 	 1849.98 
 -7.28 	 1850.33 
 -7.27 	 1850.68 
 -7.26 	 1851.04 
 -7.25 	 1851.39 
 -7.24 	 1851.73 
 -7.23 	 1852.08 
 -7.22 	 1852.43 
 -7.21 	 1852.78 
 -7.20 	 1853.13 
 -7.19 	 1853.48 
 -7.18 	 1853.83 
 -7.17 	 1854.17 
 -7.16 	 1854.52 
 -7.15 	 1854.87 
 -7.14 	 1855.21 
 -7.13 	 1855.56 
 -7.12 	 1855.90 
 -7.11 	 1856.25 
 -7.10 	 1856.59 
 -7.09 	 1856.93 
 -7.08 	 1857.28 
 -7.07 	 1857.62 
 -7.06 	 1857.96 
 -7.05 	 1858.31 
 -7.04 	 1858.65 
 -7.03 	 1858.99 
 -7.02 	 1859.33 
 -7.01 	 1859.67 
 -7.00 	 1860.01 
 -6.99 	 1860.35 
 -6.98 	 1860.69 
 -6.97 	 1861.03 
 -6.96 	 1861.37 
 -6.95 	 1861.71 
 -6.94 	 1862.04 
 -6.93 	 1862.38 
 -6.92 	 1862.72 
 -6.91 	 1863.05 
 -6.90 	 1863.39 
 -6.89 	 1863.73 
 -6.88 	 1864.06 
 -6.87 	 1864.40 
 -6.86 	 1864.73 
 -6.85 	 1865.07 
 -6.84 	 1865.40 
 -6.83 	 1865.73 
 -6.82 	 1866.07 
 -6.81 	 1866.40 
 -6.80 	 1866.73 
 -6.79 	 1867.06 
 -6.78 	 1867.39 
 -6.77 	 1867.72 
 -6.76 	 1868.05 
 -6.75 	 1868.39 
 -6.74 	 1868.71 
 -6.73 	 1869.04 
 -6.72 	 1869.37 
 -6.71 	 1869.70 
 -6.70 	 1870.03 
 -6.69 	 1870.36 
 -6.68 	 1870.69 
 -6.67 	 1871.01 
 -6.66 	 1871.34 
 -6.65 	 1871.66 
 -6.64 	 1871.99 
 -6.63 	 1872.32 
 -6.62 	 1872.64 
 -6.61 	 1872.97 
 -6.60 	 1873.29 
 -6.59 	 1873.61 
 -6.58 	 1873.94 
 -6.57 	 1874.26 
 -6.56 	 1874.58 
 -6.55 	 1874.90 
 -6.54 	 1875.23 
 -6.53 	 1875.55 
 -6.52 	 1875.87 
 -6.51 	 1876.19 
 -6.50 	 1876.51 
 -6.49 	 1876.83 
 -6.48 	 1877.15 
 -6.47 	 1877.47 
 -6.46 	 1877.79 
 -6.45 	 1878.10 
 -6.44 	 1878.42 
 -6.43 	 1878.74 
 -6.42 	 1879.06 
 -6.41 	 1879.37 
 -6.40 	 1879.69 
 -6.39 	 1880.01 
 -6.38 	 1880.32 
 -6.37 	 1880.64 
 -6.36 	 1880.95 
 -6.35 	 1881.26 
 -6.34 	 1881.58 
 -6.33 	 1881.89 
 -6.32 	 1882.20 
 -6.31 	 1882.52 
 -6.30 	 1882.83 
 -6.29 	 1883.14 
 -6.28 	 1883.45 
 -6.27 	 1883.76 
 -6.26 	 1884.07 
 -6.25 	 1884.38 
 -6.24 	 1884.69 
 -6.23 	 1885.00 
 -6.22 	 1885.31 
 -6.21 	 1885.62 
 -6.20 	 1885.93 
 -6.19 	 1886.24 
 -6.18 	 1886.54 
 -6.17 	 1886.85 
 -6.16 	 1887.16 
 -6.15 	 1887.46 
 -6.14 	 1887.77 
 -6.13 	 1888.08 
 -6.12 	 1888.38 
 -6.11 	 1888.69 
 -6.10 	 1888.99 
 -6.09 	 1889.29 
 -6.08 	 1889.60 
 -6.07 	 1889.90 
 -6.06 	 1890.20 
 -6.05 	 1890.50 
 -6.04 	 1890.81 
 -6.03 	 1891.11 
 -6.02 	 1891.41 
 -6.01 	 1891.71 
 -6.00 	 1892.01 
 -5.99 	 1892.31 
 -5.98 	 1892.61 
 -5.97 	 1892.91 
 -5.96 	 1893.21 
 -5.95 	 1893.50 
 -5.94 	 1893.80 
 -5.93 	 1894.10 
 -5.92 	 1894.40 
 -5.91 	 1894.69 
 -5.90 	 1894.99 
 -5.89 	 1895.29 
 -5.88 	 1895.58 
 -5.87 	 1895.88 
 -5.86 	 1896.17 
 -5.85 	 1896.46 
 -5.84 	 1896.76 
 -5.83 	 1897.05 
 -5.82 	 1897.34 
 -5.81 	 1897.64 
 -5.80 	 1897.93 
 -5.79 	 1898.22 
 -5.78 	 1898.51 
 -5.77 	 1898.80 
 -5.76 	 1899.09 
 -5.75 	 1899.38 
 -5.74 	 1899.67 
 -5.73 	 1899.96 
 -5.72 	 1900.25 
 -5.71 	 1900.54 
 -5.70 	 1900.83 
 -5.69 	 1901.12 
 -5.68 	 1901.40 
 -5.67 	 1901.69 
 -5.66 	 1901.98 
 -5.65 	 1902.26 
 -5.64 	 1902.55 
 -5.63 	 1902.84 
 -5.62 	 1903.12 
 -5.61 	 1903.41 
 -5.60 	 1903.69 
 -5.59 	 1903.97 
 -5.58 	 1904.26 
 -5.57 	 1904.54 
 -5.56 	 1904.82 
 -5.55 	 1905.10 
 -5.54 	 1905.39 
 -5.53 	 1905.67 
 -5.52 	 1905.95 
 -5.51 	 1906.23 
 -5.50 	 1906.51 
 -5.49 	 1906.79 
 -5.48 	 1907.07 
 -5.47 	 1907.35 
 -5.46 	 1907.63 
 -5.45 	 1907.90 
 -5.44 	 1908.18 
 -5.43 	 1908.46 
 -5.42 	 1908.74 
 -5.41 	 1909.01 
 -5.40 	 1909.29 
 -5.39 	 1909.57 
 -5.38 	 1909.84 
 -5.37 	 1910.12 
 -5.36 	 1910.39 
 -5.35 	 1910.66 
 -5.34 	 1910.94 
 -5.33 	 1911.21 
 -5.32 	 1911.48 
 -5.31 	 1911.76 
 -5.30 	 1912.03 
 -5.29 	 1912.30 
 -5.28 	 1912.57 
 -5.27 	 1912.84 
 -5.26 	 1913.11 
 -5.25 	 1913.38 
 -5.24 	 1913.65 
 -5.23 	 1913.92 
 -5.22 	 1914.19 
 -5.21 	 1914.46 
 -5.20 	 1914.73 
 -5.19 	 1915.00 
 -5.18 	 1915.26 
 -5.17 	 1915.53 
 -5.16 	 1915.80 
 -5.15 	 1916.06 
 -5.14 	 1916.33 
 -5.13 	 1916.60 
 -5.12 	 1916.86 
 -5.11 	 1917.12 
 -5.10 	 1917.39 
 -5.09 	 1917.65 
 -5.08 	 1917.92 
 -5.07 	 1918.18 
 -5.06 	 1918.44 
 -5.05 	 1918.70 
 -5.04 	 1918.97 
 -5.03 	 1919.23 
 -5.02 	 1919.49 
 -5.01 	 1919.75 
 -5.00 	 1920.01 
 -4.99 	 1920.27 
 -4.98 	 1920.53 
 -4.97 	 1920.79 
 -4.96 	 1921.05 
 -4.95 	 1921.30 
 -4.94 	 1921.56 
 -4.93 	 1921.82 
 -4.92 	 1922.08 
 -4.91 	 1922.33 
 -4.90 	 1922.59 
 -4.89 	 1922.84 
 -4.88 	 1923.10 
 -4.87 	 1923.35 
 -4.86 	 1923.61 
 -4.85 	 1923.86 
 -4.84 	 1924.12 
 -4.83 	 1924.37 
 -4.82 	 1924.62 
 -4.81 	 1924.88 
 -4.80 	 1925.13 
 -4.79 	 1925.38 
 -4.78 	 1925.63 
 -4.77 	 1925.88 
 -4.76 	 1926.13 
 -4.75 	 1926.38 
 -4.74 	 1926.63 
 -4.73 	 1926.88 
 -4.72 	 1927.13 
 -4.71 	 1927.38 
 -4.70 	 1927.63 
 -4.69 	 1927.88 
 -4.68 	 1928.12 
 -4.67 	 1928.37 
 -4.66 	 1928.62 
 -4.65 	 1928.86 
 -4.64 	 1929.11 
 -4.63 	 1929.35 
 -4.62 	 1929.60 
 -4.61 	 1929.84 
 -4.60 	 1930.09 
 -4.59 	 1930.33 
 -4.58 	 1930.58 
 -4.57 	 1930.82 
 -4.56 	 1931.06 
 -4.55 	 1931.30 
 -4.54 	 1931.55 
 -4.53 	 1931.79 
 -4.52 	 1932.03 
 -4.51 	 1932.27 
 -4.50 	 1932.51 
 -4.49 	 1932.75 
 -4.48 	 1932.99 
 -4.47 	 1933.23 
 -4.46 	 1933.47 
 -4.45 	 1933.70 
 -4.44 	 1933.94 
 -4.43 	 1934.18 
 -4.42 	 1934.42 
 -4.41 	 1934.65 
 -4.40 	 1934.89 
 -4.39 	 1935.12 
 -4.38 	 1935.36 
 -4.37 	 1935.59 
 -4.36 	 1935.83 
 -4.35 	 1936.06 
 -4.34 	 1936.30 
 -4.33 	 1936.53 
 -4.32 	 1936.76 
 -4.31 	 1937.00 
 -4.30 	 1937.23 
 -4.29 	 1937.46 
 -4.28 	 1937.69 
 -4.27 	 1937.92 
 -4.26 	 1938.15 
 -4.25 	 1938.38 
 -4.24 	 1938.61 
 -4.23 	 1938.84 
 -4.22 	 1939.07 
 -4.21 	 1939.30 
 -4.20 	 1939.53 
 -4.19 	 1939.76 
 -4.18 	 1939.98 
 -4.17 	 1940.21 
 -4.16 	 1940.44 
 -4.15 	 1940.66 
 -4.14 	 1940.89 
 -4.13 	 1941.11 
 -4.12 	 1941.34 
 -4.11 	 1941.56 
 -4.10 	 1941.79 
 -4.09 	 1942.01 
 -4.08 	 1942.24 
 -4.07 	 1942.46 
 -4.06 	 1942.68 
 -4.05 	 1942.90 
 -4.04 	 1943.12 
 -4.03 	 1943.35 
 -4.02 	 1943.57 
 -4.01 	 1943.79 
 -4.00 	 1944.01 
 -3.99 	 1944.23 
 -3.98 	 1944.45 
 -3.97 	 1944.67 
 -3.96 	 1944.88 
 -3.95 	 1945.10 
 -3.94 	 1945.32 
 -3.93 	 1945.54 
 -3.92 	 1945.76 
 -3.91 	 1945.97 
 -3.90 	 1946.19 
 -3.89 	 1946.40 
 -3.88 	 1946.62 
 -3.87 	 1946.83 
 -3.86 	 1947.05 
 -3.85 	 1947.26 
 -3.84 	 1947.48 
 -3.83 	 1947.69 
 -3.82 	 1947.90 
 -3.81 	 1948.12 
 -3.80 	 1948.33 
 -3.79 	 1948.54 
 -3.78 	 1948.75 
 -3.77 	 1948.96 
 -3.76 	 1949.17 
 -3.75 	 1949.38 
 -3.74 	 1949.59 
 -3.73 	 1949.80 
 -3.72 	 1950.01 
 -3.71 	 1950.22 
 -3.70 	 1950.43 
 -3.69 	 1950.64 
 -3.68 	 1950.84 
 -3.67 	 1951.05 
 -3.66 	 1951.26 
 -3.65 	 1951.46 
 -3.64 	 1951.67 
 -3.63 	 1951.87 
 -3.62 	 1952.08 
 -3.61 	 1952.28 
 -3.60 	 1952.49 
 -3.59 	 1952.69 
 -3.58 	 1952.89 
 -3.57 	 1953.10 
 -3.56 	 1953.30 
 -3.55 	 1953.50 
 -3.54 	 1953.70 
 -3.53 	 1953.91 
 -3.52 	 1954.11 
 -3.51 	 1954.31 
 -3.50 	 1954.51 
 -3.49 	 1954.71 
 -3.48 	 1954.91 
 -3.47 	 1955.11 
 -3.46 	 1955.30 
 -3.45 	 1955.50 
 -3.44 	 1955.70 
 -3.43 	 1955.90 
 -3.42 	 1956.09 
 -3.41 	 1956.29 
 -3.40 	 1956.49 
 -3.39 	 1956.68 
 -3.38 	 1956.88 
 -3.37 	 1957.07 
 -3.36 	 1957.27 
 -3.35 	 1957.46 
 -3.34 	 1957.66 
 -3.33 	 1957.85 
 -3.32 	 1958.04 
 -3.31 	 1958.23 
 -3.30 	 1958.43 
 -3.29 	 1958.62 
 -3.28 	 1958.81 
 -3.27 	 1959.00 
 -3.26 	 1959.19 
 -3.25 	 1959.38 
 -3.24 	 1959.57 
 -3.23 	 1959.76 
 -3.22 	 1959.95 
 -3.21 	 1960.14 
 -3.20 	 1960.33 
 -3.19 	 1960.51 
 -3.18 	 1960.70 
 -3.17 	 1960.89 
 -3.16 	 1961.08 
 -3.15 	 1961.26 
 -3.14 	 1961.45 
 -3.13 	 1961.63 
 -3.12 	 1961.82 
 -3.11 	 1962.00 
 -3.10 	 1962.19 
 -3.09 	 1962.37 
 -3.08 	 1962.55 
 -3.07 	 1962.74 
 -3.06 	 1962.92 
 -3.05 	 1963.10 
 -3.04 	 1963.28 
 -3.03 	 1963.46 
 -3.02 	 1963.65 
 -3.01 	 1963.83 
 -3.00 	 1964.01 
 -2.99 	 1964.19 
 -2.98 	 1964.37 
 -2.97 	 1964.54 
 -2.96 	 1964.72 
 -2.95 	 1964.90 
 -2.94 	 1965.08 
 -2.93 	 1965.26 
 -2.92 	 1965.43 
 -2.91 	 1965.61 
 -2.90 	 1965.79 
 -2.89 	 1965.96 
 -2.88 	 1966.14 
 -2.87 	 1966.31 
 -2.86 	 1966.49 
 -2.85 	 1966.66 
 -2.84 	 1966.84 
 -2.83 	 1967.01 
 -2.82 	 1967.18 
 -2.81 	 1967.35 
 -2.80 	 1967.53 
 -2.79 	 1967.70 
 -2.78 	 1967.87 
 -2.77 	 1968.04 
 -2.76 	 1968.21 
 -2.75 	 1968.38 
 -2.74 	 1968.55 
 -2.73 	 1968.72 
 -2.72 	 1968.89 
 -2.71 	 1969.06 
 -2.70 	 1969.23 
 -2.69 	 1969.39 
 -2.68 	 1969.56 
 -2.67 	 1969.73 
 -2.66 	 1969.89 
 -2.65 	 1970.06 
 -2.64 	 1970.23 
 -2.63 	 1970.39 
 -2.62 	 1970.56 
 -2.61 	 1970.72 
 -2.60 	 1970.89 
 -2.59 	 1971.05 
 -2.58 	 1971.21 
 -2.57 	 1971.38 
 -2.56 	 1971.54 
 -2.55 	 1971.70 
 -2.54 	 1971.86 
 -2.53 	 1972.02 
 -2.52 	 1972.19 
 -2.51 	 1972.35 
 -2.50 	 1972.51 
 -2.49 	 1972.67 
 -2.48 	 1972.82 
 -2.47 	 1972.98 
 -2.46 	 1973.14 
 -2.45 	 1973.30 
 -2.44 	 1973.46 
 -2.43 	 1973.62 
 -2.42 	 1973.77 
 -2.41 	 1973.93 
 -2.40 	 1974.09 
 -2.39 	 1974.24 
 -2.38 	 1974.40 
 -2.37 	 1974.55 
 -2.36 	 1974.71 
 -2.35 	 1974.86 
 -2.34 	 1975.01 
 -2.33 	 1975.17 
 -2.32 	 1975.32 
 -2.31 	 1975.47 
 -2.30 	 1975.63 
 -2.29 	 1975.78 
 -2.28 	 1975.93 
 -2.27 	 1976.08 
 -2.26 	 1976.23 
 -2.25 	 1976.38 
 -2.24 	 1976.53 
 -2.23 	 1976.68 
 -2.22 	 1976.83 
 -2.21 	 1976.98 
 -2.20 	 1977.13 
 -2.19 	 1977.27 
 -2.18 	 1977.42 
 -2.17 	 1977.57 
 -2.16 	 1977.71 
 -2.15 	 1977.86 
 -2.14 	 1978.01 
 -2.13 	 1978.15 
 -2.12 	 1978.30 
 -2.11 	 1978.44 
 -2.10 	 1978.59 
 -2.09 	 1978.73 
 -2.08 	 1978.87 
 -2.07 	 1979.02 
 -2.06 	 1979.16 
 -2.05 	 1979.30 
 -2.04 	 1979.44 
 -2.03 	 1979.58 
 -2.02 	 1979.72 
 -2.01 	 1979.86 
 -2.00 	 1980.01 
 -1.99 	 1980.14 
 -1.98 	 1980.28 
 -1.97 	 1980.42 
 -1.96 	 1980.56 
 -1.95 	 1980.70 
 -1.94 	 1980.84 
 -1.93 	 1980.98 
 -1.92 	 1981.11 
 -1.91 	 1981.25 
 -1.90 	 1981.39 
 -1.89 	 1981.52 
 -1.88 	 1981.66 
 -1.87 	 1981.79 
 -1.86 	 1981.93 
 -1.85 	 1982.06 
 -1.84 	 1982.19 
 -1.83 	 1982.33 
 -1.82 	 1982.46 
 -1.81 	 1982.59 
 -1.80 	 1982.72 
 -1.79 	 1982.86 
 -1.78 	 1982.99 
 -1.77 	 1983.12 
 -1.76 	 1983.25 
 -1.75 	 1983.38 
 -1.74 	 1983.51 
 -1.73 	 1983.64 
 -1.72 	 1983.77 
 -1.71 	 1983.90 
 -1.70 	 1984.02 
 -1.69 	 1984.15 
 -1.68 	 1984.28 
 -1.67 	 1984.41 
 -1.66 	 1984.53 
 -1.65 	 1984.66 
 -1.64 	 1984.79 
 -1.63 	 1984.91 
 -1.62 	 1985.04 
 -1.61 	 1985.16 
 -1.60 	 1985.28 
 -1.59 	 1985.41 
 -1.58 	 1985.53 
 -1.57 	 1985.65 
 -1.56 	 1985.78 
 -1.55 	 1985.90 
 -1.54 	 1986.02 
 -1.53 	 1986.14 
 -1.52 	 1986.26 
 -1.51 	 1986.38 
 -1.50 	 1986.50 
 -1.49 	 1986.62 
 -1.48 	 1986.74 
 -1.47 	 1986.86 
 -1.46 	 1986.98 
 -1.45 	 1987.10 
 -1.44 	 1987.22 
 -1.43 	 1987.33 
 -1.42 	 1987.45 
 -1.41 	 1987.57 
 -1.40 	 1987.68 
 -1.39 	 1987.80 
 -1.38 	 1987.92 
 -1.37 	 1988.03 
 -1.36 	 1988.14 
 -1.35 	 1988.26 
 -1.34 	 1988.37 
 -1.33 	 1988.49 
 -1.32 	 1988.60 
 -1.31 	 1988.71 
 -1.30 	 1988.82 
 -1.29 	 1988.94 
 -1.28 	 1989.05 
 -1.27 	 1989.16 
 -1.26 	 1989.27 
 -1.25 	 1989.38 
 -1.24 	 1989.49 
 -1.23 	 1989.60 
 -1.22 	 1989.71 
 -1.21 	 1989.82 
 -1.20 	 1989.92 
 -1.19 	 1990.03 
 -1.18 	 1990.14 
 -1.17 	 1990.25 
 -1.16 	 1990.35 
 -1.15 	 1990.46 
 -1.14 	 1990.56 
 -1.13 	 1990.67 
 -1.12 	 1990.78 
 -1.11 	 1990.88 
 -1.10 	 1990.98 
 -1.09 	 1991.09 
 -1.08 	 1991.19 
 -1.07 	 1991.29 
 -1.06 	 1991.40 
 -1.05 	 1991.50 
 -1.04 	 1991.60 
 -1.03 	 1991.70 
 -1.02 	 1991.80 
 -1.01 	 1991.90 
 -1.00 	 1992.00 
 -0.99 	 1992.10 
 -0.98 	 1992.20 
 -0.97 	 1992.30 
 -0.96 	 1992.40 
 -0.95 	 1992.50 
 -0.94 	 1992.60 
 -0.93 	 1992.69 
 -0.92 	 1992.79 
 -0.91 	 1992.89 
 -0.90 	 1992.98 
 -0.89 	 1993.08 
 -0.88 	 1993.17 
 -0.87 	 1993.27 
 -0.86 	 1993.36 
 -0.85 	 1993.46 
 -0.84 	 1993.55 
 -0.83 	 1993.65 
 -0.82 	 1993.74 
 -0.81 	 1993.83 
 -0.80 	 1993.92 
 -0.79 	 1994.02 
 -0.78 	 1994.11 
 -0.77 	 1994.20 
 -0.76 	 1994.29 
 -0.75 	 1994.38 
 -0.74 	 1994.47 
 -0.73 	 1994.56 
 -0.72 	 1994.65 
 -0.71 	 1994.73 
 -0.70 	 1994.82 
 -0.69 	 1994.91 
 -0.68 	 1995.00 
 -0.67 	 1995.09 
 -0.66 	 1995.17 
 -0.65 	 1995.26 
 -0.64 	 1995.34 
 -0.63 	 1995.43 
 -0.62 	 1995.51 
 -0.61 	 1995.60 
 -0.60 	 1995.68 
 -0.59 	 1995.77 
 -0.58 	 1995.85 
 -0.57 	 1995.93 
 -0.56 	 1996.02 
 -0.55 	 1996.10 
 -0.54 	 1996.18 
 -0.53 	 1996.26 
 -0.52 	 1996.34 
 -0.51 	 1996.42 
 -0.50 	 1996.50 
 -0.49 	 1996.58 
 -0.48 	 1996.66 
 -0.47 	 1996.74 
 -0.46 	 1996.82 
 -0.45 	 1996.90 
 -0.44 	 1996.98 
 -0.43 	 1997.05 
 -0.42 	 1997.13 
 -0.41 	 1997.21 
 -0.40 	 1997.28 
 -0.39 	 1997.36 
 -0.38 	 1997.43 
 -0.37 	 1997.51 
 -0.36 	 1997.58 
 -0.35 	 1997.66 
 -0.34 	 1997.73 
 -0.33 	 1997.80 
 -0.32 	 1997.88 
 -0.31 	 1997.95 
 -0.30 	 1998.02 
 -0.29 	 1998.09 
 -0.28 	 1998.17 
 -0.27 	 1998.24 
 -0.26 	 1998.31 
 -0.25 	 1998.38 
 -0.24 	 1998.45 
 -0.23 	 1998.52 
 -0.22 	 1998.59 
 -0.21 	 1998.65 
 -0.20 	 1998.72 
 -0.19 	 1998.79 
 -0.18 	 1998.86 
 -0.17 	 1998.92 
 -0.16 	 1998.99 
 -0.15 	 1999.06 
 -0.14 	 1999.12 
 -0.13 	 1999.19 
 -0.12 	 1999.25 
 -0.11 	 1999.32 
 -0.10 	 1999.38 
 -0.09 	 1999.45 
 -0.08 	 1999.51 
 -0.07 	 1999.57 
 -0.06 	 1999.64 
 -0.05 	 1999.70 
 -0.04 	 1999.76 
 -0.03 	 1999.82 
 -0.02 	 1999.88 
 -0.01 	 1999.94 
  0.00 	 2000.00 
  0.01 	 2000.06 
  0.02 	 2000.12 
  0.03 	 2000.18 
  0.04 	 2000.24 
  0.05 	 2000.30 
  0.06 	 2000.35 
  0.07 	 2000.41 
  0.08 	 2000.47 
  0.09 	 2000.53 
  0.10 	 2000.58 
  0.11 	 2000.64 
  0.12 	 2000.69 
  0.13 	 2000.75 
  0.14 	 2000.80 
  0.15 	 2000.86 
  0.16 	 2000.91 
  0.17 	 2000.96 
  0.18 	 2001.02 
  0.19 	 2001.07 
  0.20 	 2001.12 
  0.21 	 2001.17 
  0.22 	 2001.23 
  0.23 	 2001.28 
  0.24 	 2001.33 
  0.25 	 2001.38 
  0.26 	 2001.43 
  0.27 	 2001.48 
  0.28 	 2001.53 
  0.29 	 2001.57 
  0.30 	 2001.62 
  0.31 	 2001.67 
  0.32 	 2001.72 
  0.33 	 2001.76 
  0.34 	 2001.81 
  0.35 	 2001.86 
  0.36 	 2001.90 
  0.37 	 2001.95 
  0.38 	 2001.99 
  0.39 	 2002.04 
  0.40 	 2002.08 
  0.41 	 2002.13 
  0.42 	 2002.17 
  0.43 	 2002.21 
  0.44 	 2002.25 
  0.45 	 2002.30 
  0.46 	 2002.34 
  0.47 	 2002.38 
  0.48 	 2002.42 
  0.49 	 2002.46 
  0.50 	 2002.50 
  0.51 	 2002.54 
  0.52 	 2002.58 
  0.53 	 2002.62 
  0.54 	 2002.66 
  0.55 	 2002.70 
  0.56 	 2002.73 
  0.57 	 2002.77 
  0.58 	 2002.81 
  0.59 	 2002.85 
  0.60 	 2002.88 
  0.61 	 2002.92 
  0.62 	 2002.95 
  0.63 	 2002.99 
  0.64 	 2003.02 
  0.65 	 2003.06 
  0.66 	 2003.09 
  0.67 	 2003.12 
  0.68 	 2003.16 
  0.69 	 2003.19 
  0.70 	 2003.22 
  0.71 	 2003.25 
  0.72 	 2003.28 
  0.73 	 2003.32 
  0.74 	 2003.35 
  0.75 	 2003.38 
  0.76 	 2003.41 
  0.77 	 2003.44 
  0.78 	 2003.46 
  0.79 	 2003.49 
  0.80 	 2003.52 
  0.81 	 2003.55 
  0.82 	 2003.58 
  0.83 	 2003.60 
  0.84 	 2003.63 
  0.85 	 2003.66 
  0.86 	 2003.68 
  0.87 	 2003.71 
  0.88 	 2003.73 
  0.89 	 2003.76 
  0.90 	 2003.78 
  0.91 	 2003.80 
  0.92 	 2003.83 
  0.93 	 2003.85 
  0.94 	 2003.87 
  0.95 	 2003.90 
  0.96 	 2003.92 
  0.97 	 2003.94 
  0.98 	 2003.96 
  0.99 	 2003.98 
  1.00 	 2004.00 
  1.01 	 2004.02 
  1.02 	 2004.04 
  1.03 	 2004.06 
  1.04 	 2004.08 
  1.05 	 2004.10 
  1.06 	 2004.11 
  1.07 	 2004.13 
  1.08 	 2004.15 
  1.09 	 2004.16 
  1.10 	 2004.18 
  1.11 	 2004.20 
  1.12 	 2004.21 
  1.13 	 2004.23 
  1.14 	 2004.24 
  1.15 	 2004.26 
  1.16 	 2004.27 
  1.17 	 2004.28 
  1.18 	 2004.30 
  1.19 	 2004.31 
  1.20 	 2004.32 
  1.21 	 2004.33 
  1.22 	 2004.34 
  1.23 	 2004.35 
  1.24 	 2004.37 
  1.25 	 2004.38 
  1.26 	 2004.39 
  1.27 	 2004.39 
  1.28 	 2004.40 
  1.29 	 2004.41 
  1.30 	 2004.42 
  1.31 	 2004.43 
  1.32 	 2004.44 
  1.33 	 2004.44 
  1.34 	 2004.45 
  1.35 	 2004.46 
  1.36 	 2004.46 
  1.37 	 2004.47 
  1.38 	 2004.47 
  1.39 	 2004.48 
  1.40 	 2004.48 
  1.41 	 2004.48 
  1.42 	 2004.49 
  1.43 	 2004.49 
  1.44 	 2004.49 
  1.45 	 2004.50 
  1.46 	 2004.50 
  1.47 	 2004.50 
  1.48 	 2004.50 
  1.49 	 2004.50 
  1.50 	 2004.50 
  1.51 	 2004.50 
  1.52 	 2004.50 
  1.53 	 2004.50 
  1.54 	 2004.50 
  1.55 	 2004.49 
  1.56 	 2004.49 
  1.57 	 2004.49 
  1.58 	 2004.49 
  1.59 	 2004.48 
  1.60 	 2004.48 
  1.61 	 2004.48 
  1.62 	 2004.47 
  1.63 	 2004.47 
  1.64 	 2004.46 
  1.65 	 2004.45 
  1.66 	 2004.45 
  1.67 	 2004.44 
  1.68 	 2004.43 
  1.69 	 2004.43 
  1.70 	 2004.42 
  1.71 	 2004.41 
  1.72 	 2004.40 
  1.73 	 2004.39 
  1.74 	 2004.38 
  1.75 	 2004.37 
  1.76 	 2004.36 
  1.77 	 2004.35 
  1.78 	 2004.34 
  1.79 	 2004.33 
  1.80 	 2004.32 
  1.81 	 2004.31 
  1.82 	 2004.29 
  1.83 	 2004.28 
  1.84 	 2004.27 
  1.85 	 2004.25 
  1.86 	 2004.24 
  1.87 	 2004.23 
  1.88 	 2004.21 
  1.89 	 2004.20 
  1.90 	 2004.18 
  1.91 	 2004.16 
  1.92 	 2004.15 
  1.93 	 2004.13 
  1.94 	 2004.11 
  1.95 	 2004.09 
  1.96 	 2004.08 
  1.97 	 2004.06 
  1.98 	 2004.04 
  1.99 	 2004.02 
  2.00 	 2004.00 
  2.01 	 2003.98 
  2.02 	 2003.96 
  2.03 	 2003.94 
  2.04 	 2003.92 
  2.05 	 2003.89 
  2.06 	 2003.87 
  2.07 	 2003.85 
  2.08 	 2003.83 
  2.09 	 2003.80 
  2.10 	 2003.78 
  2.11 	 2003.75 
  2.12 	 2003.73 
  2.13 	 2003.71 
  2.14 	 2003.68 
  2.15 	 2003.65 
  2.16 	 2003.63 
  2.17 	 2003.60 
  2.18 	 2003.57 
  2.19 	 2003.55 
  2.20 	 2003.52 
  2.21 	 2003.49 
  2.22 	 2003.46 
  2.23 	 2003.43 
  2.24 	 2003.40 
  2.25 	 2003.37 
  2.26 	 2003.34 
  2.27 	 2003.31 
  2.28 	 2003.28 
  2.29 	 2003.25 
  2.30 	 2003.22 
  2.31 	 2003.19 
  2.32 	 2003.15 
  2.33 	 2003.12 
  2.34 	 2003.09 
  2.35 	 2003.05 
  2.36 	 2003.02 
  2.37 	 2002.98 
  2.38 	 2002.95 
  2.39 	 2002.91 
  2.40 	 2002.88 
  2.41 	 2002.84 
  2.42 	 2002.81 
  2.43 	 2002.77 
  2.44 	 2002.73 
  2.45 	 2002.69 
  2.46 	 2002.66 
  2.47 	 2002.62 
  2.48 	 2002.58 
  2.49 	 2002.54 
  2.50 	 2002.50 
  2.51 	 2002.46 
  2.52 	 2002.42 
  2.53 	 2002.38 
  2.54 	 2002.34 
  2.55 	 2002.29 
  2.56 	 2002.25 
  2.57 	 2002.21 
  2.58 	 2002.17 
  2.59 	 2002.12 
  2.60 	 2002.08 
  2.61 	 2002.03 
  2.62 	 2001.99 
  2.63 	 2001.94 
  2.64 	 2001.90 
  2.65 	 2001.85 
  2.66 	 2001.81 
  2.67 	 2001.76 
  2.68 	 2001.71 
  2.69 	 2001.67 
  2.70 	 2001.62 
  2.71 	 2001.57 
  2.72 	 2001.52 
  2.73 	 2001.47 
  2.74 	 2001.42 
  2.75 	 2001.37 
  2.76 	 2001.32 
  2.77 	 2001.27 
  2.78 	 2001.22 
  2.79 	 2001.17 
  2.80 	 2001.12 
  2.81 	 2001.07 
  2.82 	 2001.01 
  2.83 	 2000.96 
  2.84 	 2000.91 
  2.85 	 2000.85 
  2.86 	 2000.80 
  2.87 	 2000.74 
  2.88 	 2000.69 
  2.89 	 2000.63 
  2.90 	 2000.58 
  2.91 	 2000.52 
  2.92 	 2000.47 
  2.93 	 2000.41 
  2.94 	 2000.35 
  2.95 	 2000.29 
  2.96 	 2000.23 
  2.97 	 2000.18 
  2.98 	 2000.12 
  2.99 	 2000.06 
  3.00 	 2000.00 
  3.01 	 1999.94 
  3.02 	 1999.88 
  3.03 	 1999.82 
  3.04 	 1999.75 
  3.05 	 1999.69 
  3.06 	 1999.63 
  3.07 	 1999.57 
  3.08 	 1999.50 
  3.09 	 1999.44 
  3.10 	 1999.38 
  3.11 	 1999.31 
  3.12 	 1999.25 
  3.13 	 1999.18 
  3.14 	 1999.12 
  3.15 	 1999.05 
  3.16 	 1998.99 
  3.17 	 1998.92 
  3.18 	 1998.85 
  3.19 	 1998.79 
  3.20 	 1998.72 
  3.21 	 1998.65 
  3.22 	 1998.58 
  3.23 	 1998.51 
  3.24 	 1998.44 
  3.25 	 1998.37 
  3.26 	 1998.30 
  3.27 	 1998.23 
  3.28 	 1998.16 
  3.29 	 1998.09 
  3.30 	 1998.02 
  3.31 	 1997.95 
  3.32 	 1997.87 
  3.33 	 1997.80 
  3.34 	 1997.73 
  3.35 	 1997.65 
  3.36 	 1997.58 
  3.37 	 1997.50 
  3.38 	 1997.43 
  3.39 	 1997.35 
  3.40 	 1997.28 
  3.41 	 1997.20 
  3.42 	 1997.12 
  3.43 	 1997.05 
  3.44 	 1996.97 
  3.45 	 1996.89 
  3.46 	 1996.81 
  3.47 	 1996.74 
  3.48 	 1996.66 
  3.49 	 1996.58 
  3.50 	 1996.50 
  3.51 	 1996.42 
  3.52 	 1996.34 
  3.53 	 1996.26 
  3.54 	 1996.17 
  3.55 	 1996.09 
  3.56 	 1996.01 
  3.57 	 1995.93 
  3.58 	 1995.84 
  3.59 	 1995.76 
  3.60 	 1995.68 
  3.61 	 1995.59 
  3.62 	 1995.51 
  3.63 	 1995.42 
  3.64 	 1995.34 
  3.65 	 1995.25 
  3.66 	 1995.17 
  3.67 	 1995.08 
  3.68 	 1994.99 
  3.69 	 1994.90 
  3.70 	 1994.82 
  3.71 	 1994.73 
  3.72 	 1994.64 
  3.73 	 1994.55 
  3.74 	 1994.46 
  3.75 	 1994.37 
  3.76 	 1994.28 
  3.77 	 1994.19 
  3.78 	 1994.10 
  3.79 	 1994.01 
  3.80 	 1993.92 
  3.81 	 1993.82 
  3.82 	 1993.73 
  3.83 	 1993.64 
  3.84 	 1993.55 
  3.85 	 1993.45 
  3.86 	 1993.36 
  3.87 	 1993.26 
  3.88 	 1993.17 
  3.89 	 1993.07 
  3.90 	 1992.98 
  3.91 	 1992.88 
  3.92 	 1992.78 
  3.93 	 1992.69 
  3.94 	 1992.59 
  3.95 	 1992.49 
  3.96 	 1992.39 
  3.97 	 1992.29 
  3.98 	 1992.20 
  3.99 	 1992.10 
  4.00 	 1992.00 
  4.01 	 1991.90 
  4.02 	 1991.80 
  4.03 	 1991.69 
  4.04 	 1991.59 
  4.05 	 1991.49 
  4.06 	 1991.39 
  4.07 	 1991.29 
  4.08 	 1991.18 
  4.09 	 1991.08 
  4.10 	 1990.98 
  4.11 	 1990.87 
  4.12 	 1990.77 
  4.13 	 1990.66 
  4.14 	 1990.56 
  4.15 	 1990.45 
  4.16 	 1990.34 
  4.17 	 1990.24 
  4.18 	 1990.13 
  4.19 	 1990.02 
  4.20 	 1989.92 
  4.21 	 1989.81 
  4.22 	 1989.70 
  4.23 	 1989.59 
  4.24 	 1989.48 
  4.25 	 1989.37 
  4.26 	 1989.26 
  4.27 	 1989.15 
  4.28 	 1989.04 
  4.29 	 1988.93 
  4.30 	 1988.82 
  4.31 	 1988.70 
  4.32 	 1988.59 
  4.33 	 1988.48 
  4.34 	 1988.36 
  4.35 	 1988.25 
  4.36 	 1988.14 
  4.37 	 1988.02 
  4.38 	 1987.91 
  4.39 	 1987.79 
  4.40 	 1987.68 
  4.41 	 1987.56 
  4.42 	 1987.44 
  4.43 	 1987.33 
  4.44 	 1987.21 
  4.45 	 1987.09 
  4.46 	 1986.97 
  4.47 	 1986.85 
  4.48 	 1986.73 
  4.49 	 1986.62 
  4.50 	 1986.50 
  4.51 	 1986.38 
  4.52 	 1986.25 
  4.53 	 1986.13 
  4.54 	 1986.01 
  4.55 	 1985.89 
  4.56 	 1985.77 
  4.57 	 1985.65 
  4.58 	 1985.52 
  4.59 	 1985.40 
  4.60 	 1985.28 
  4.61 	 1985.15 
  4.62 	 1985.03 
  4.63 	 1984.90 
  4.64 	 1984.78 
  4.65 	 1984.65 
  4.66 	 1984.52 
  4.67 	 1984.40 
  4.68 	 1984.27 
  4.69 	 1984.14 
  4.70 	 1984.02 
  4.71 	 1983.89 
  4.72 	 1983.76 
  4.73 	 1983.63 
  4.74 	 1983.50 
  4.75 	 1983.37 
  4.76 	 1983.24 
  4.77 	 1983.11 
  4.78 	 1982.98 
  4.79 	 1982.85 
  4.80 	 1982.71 
  4.81 	 1982.58 
  4.82 	 1982.45 
  4.83 	 1982.32 
  4.84 	 1982.18 
  4.85 	 1982.05 
  4.86 	 1981.92 
  4.87 	 1981.78 
  4.88 	 1981.65 
  4.89 	 1981.51 
  4.90 	 1981.37 
  4.91 	 1981.24 
  4.92 	 1981.10 
  4.93 	 1980.96 
  4.94 	 1980.83 
  4.95 	 1980.69 
  4.96 	 1980.55 
  4.97 	 1980.41 
  4.98 	 1980.27 
  4.99 	 1980.13 
  5.00 	 1979.99 
  5.01 	 1979.85 
  5.02 	 1979.71 
  5.03 	 1979.57 
  5.04 	 1979.43 
  5.05 	 1979.29 
  5.06 	 1979.15 
  5.07 	 1979.00 
  5.08 	 1978.86 
  5.09 	 1978.72 
  5.10 	 1978.57 
  5.11 	 1978.43 
  5.12 	 1978.29 
  5.13 	 1978.14 
  5.14 	 1978.00 
  5.15 	 1977.85 
  5.16 	 1977.70 
  5.17 	 1977.56 
  5.18 	 1977.41 
  5.19 	 1977.26 
  5.20 	 1977.11 
  5.21 	 1976.97 
  5.22 	 1976.82 
  5.23 	 1976.67 
  5.24 	 1976.52 
  5.25 	 1976.37 
  5.26 	 1976.22 
  5.27 	 1976.07 
  5.28 	 1975.92 
  5.29 	 1975.77 
  5.30 	 1975.61 
  5.31 	 1975.46 
  5.32 	 1975.31 
  5.33 	 1975.16 
  5.34 	 1975.00 
  5.35 	 1974.85 
  5.36 	 1974.69 
  5.37 	 1974.54 
  5.38 	 1974.39 
  5.39 	 1974.23 
  5.40 	 1974.07 
  5.41 	 1973.92 
  5.42 	 1973.76 
  5.43 	 1973.60 
  5.44 	 1973.45 
  5.45 	 1973.29 
  5.46 	 1973.13 
  5.47 	 1972.97 
  5.48 	 1972.81 
  5.49 	 1972.65 
  5.50 	 1972.49 
  5.51 	 1972.33 
  5.52 	 1972.17 
  5.53 	 1972.01 
  5.54 	 1971.85 
  5.55 	 1971.69 
  5.56 	 1971.53 
  5.57 	 1971.36 
  5.58 	 1971.20 
  5.59 	 1971.04 
  5.60 	 1970.87 
  5.61 	 1970.71 
  5.62 	 1970.54 
  5.63 	 1970.38 
  5.64 	 1970.21 
  5.65 	 1970.05 
  5.66 	 1969.88 
  5.67 	 1969.72 
  5.68 	 1969.55 
  5.69 	 1969.38 
  5.70 	 1969.21 
  5.71 	 1969.05 
  5.72 	 1968.88 
  5.73 	 1968.71 
  5.74 	 1968.54 
  5.75 	 1968.37 
  5.76 	 1968.20 
  5.77 	 1968.03 
  5.78 	 1967.86 
  5.79 	 1967.68 
  5.80 	 1967.51 
  5.81 	 1967.34 
  5.82 	 1967.17 
  5.83 	 1967.00 
  5.84 	 1966.82 
  5.85 	 1966.65 
  5.86 	 1966.47 
  5.87 	 1966.30 
  5.88 	 1966.12 
  5.89 	 1965.95 
  5.90 	 1965.77 
  5.91 	 1965.60 
  5.92 	 1965.42 
  5.93 	 1965.24 
  5.94 	 1965.07 
  5.95 	 1964.89 
  5.96 	 1964.71 
  5.97 	 1964.53 
  5.98 	 1964.35 
  5.99 	 1964.17 
  6.00 	 1963.99 
  6.01 	 1963.81 
  6.02 	 1963.63 
  6.03 	 1963.45 
  6.04 	 1963.27 
  6.05 	 1963.09 
  6.06 	 1962.91 
  6.07 	 1962.72 
  6.08 	 1962.54 
  6.09 	 1962.36 
  6.10 	 1962.17 
  6.11 	 1961.99 
  6.12 	 1961.80 
  6.13 	 1961.62 
  6.14 	 1961.43 
  6.15 	 1961.25 
  6.16 	 1961.06 
  6.17 	 1960.87 
  6.18 	 1960.69 
  6.19 	 1960.50 
  6.20 	 1960.31 
  6.21 	 1960.12 
  6.22 	 1959.94 
  6.23 	 1959.75 
  6.24 	 1959.56 
  6.25 	 1959.37 
  6.26 	 1959.18 
  6.27 	 1958.99 
  6.28 	 1958.80 
  6.29 	 1958.60 
  6.30 	 1958.41 
  6.31 	 1958.22 
  6.32 	 1958.03 
  6.33 	 1957.83 
  6.34 	 1957.64 
  6.35 	 1957.45 
  6.36 	 1957.25 
  6.37 	 1957.06 
  6.38 	 1956.86 
  6.39 	 1956.67 
  6.40 	 1956.47 
  6.41 	 1956.28 
  6.42 	 1956.08 
  6.43 	 1955.88 
  6.44 	 1955.68 
  6.45 	 1955.49 
  6.46 	 1955.29 
  6.47 	 1955.09 
  6.48 	 1954.89 
  6.49 	 1954.69 
  6.50 	 1954.49 
  6.51 	 1954.29 
  6.52 	 1954.09 
  6.53 	 1953.89 
  6.54 	 1953.69 
  6.55 	 1953.49 
  6.56 	 1953.28 
  6.57 	 1953.08 
  6.58 	 1952.88 
  6.59 	 1952.68 
  6.60 	 1952.47 
  6.61 	 1952.27 
  6.62 	 1952.06 
  6.63 	 1951.86 
  6.64 	 1951.65 
  6.65 	 1951.45 
  6.66 	 1951.24 
  6.67 	 1951.03 
  6.68 	 1950.83 
  6.69 	 1950.62 
  6.70 	 1950.41 
  6.71 	 1950.20 
  6.72 	 1949.99 
  6.73 	 1949.79 
  6.74 	 1949.58 
  6.75 	 1949.37 
  6.76 	 1949.16 
  6.77 	 1948.95 
  6.78 	 1948.73 
  6.79 	 1948.52 
  6.80 	 1948.31 
  6.81 	 1948.10 
  6.82 	 1947.89 
  6.83 	 1947.67 
  6.84 	 1947.46 
  6.85 	 1947.25 
  6.86 	 1947.03 
  6.87 	 1946.82 
  6.88 	 1946.60 
  6.89 	 1946.39 
  6.90 	 1946.17 
  6.91 	 1945.95 
  6.92 	 1945.74 
  6.93 	 1945.52 
  6.94 	 1945.30 
  6.95 	 1945.09 
  6.96 	 1944.87 
  6.97 	 1944.65 
  6.98 	 1944.43 
  6.99 	 1944.21 
  7.00 	 1943.99 
  7.01 	 1943.77 
  7.02 	 1943.55 
  7.03 	 1943.33 
  7.04 	 1943.11 
  7.05 	 1942.89 
  7.06 	 1942.66 
  7.07 	 1942.44 
  7.08 	 1942.22 
  7.09 	 1941.99 
  7.10 	 1941.77 
  7.11 	 1941.55 
  7.12 	 1941.32 
  7.13 	 1941.10 
  7.14 	 1940.87 
  7.15 	 1940.65 
  7.16 	 1940.42 
  7.17 	 1940.19 
  7.18 	 1939.97 
  7.19 	 1939.74 
  7.20 	 1939.51 
  7.21 	 1939.28 
  7.22 	 1939.05 
  7.23 	 1938.82 
  7.24 	 1938.59 
  7.25 	 1938.36 
  7.26 	 1938.13 
  7.27 	 1937.90 
  7.28 	 1937.67 
  7.29 	 1937.44 
  7.30 	 1937.21 
  7.31 	 1936.98 
  7.32 	 1936.75 
  7.33 	 1936.51 
  7.34 	 1936.28 
  7.35 	 1936.04 
  7.36 	 1935.81 
  7.37 	 1935.58 
  7.38 	 1935.34 
  7.39 	 1935.11 
  7.40 	 1934.87 
  7.41 	 1934.63 
  7.42 	 1934.40 
  7.43 	 1934.16 
  7.44 	 1933.92 
  7.45 	 1933.68 
  7.46 	 1933.45 
  7.47 	 1933.21 
  7.48 	 1932.97 
  7.49 	 1932.73 
  7.50 	 1932.49 
  7.51 	 1932.25 
  7.52 	 1932.01 
  7.53 	 1931.77 
  7.54 	 1931.53 
  7.55 	 1931.28 
  7.56 	 1931.04 
  7.57 	 1930.80 
  7.58 	 1930.56 
  7.59 	 1930.31 
  7.60 	 1930.07 
  7.61 	 1929.82 
  7.62 	 1929.58 
  7.63 	 1929.34 
  7.64 	 1929.09 
  7.65 	 1928.84 
  7.66 	 1928.60 
  7.67 	 1928.35 
  7.68 	 1928.10 
  7.69 	 1927.86 
  7.70 	 1927.61 
  7.71 	 1927.36 
  7.72 	 1927.11 
  7.73 	 1926.86 
  7.74 	 1926.61 
  7.75 	 1926.36 
  7.76 	 1926.11 
  7.77 	 1925.86 
  7.78 	 1925.61 
  7.79 	 1925.36 
  7.80 	 1925.11 
  7.81 	 1924.86 
  7.82 	 1924.60 
  7.83 	 1924.35 
  7.84 	 1924.10 
  7.85 	 1923.84 
  7.86 	 1923.59 
  7.87 	 1923.33 
  7.88 	 1923.08 
  7.89 	 1922.82 
  7.90 	 1922.57 
  7.91 	 1922.31 
  7.92 	 1922.06 
  7.93 	 1921.80 
  7.94 	 1921.54 
  7.95 	 1921.28 
  7.96 	 1921.03 
  7.97 	 1920.77 
  7.98 	 1920.51 
  7.99 	 1920.25 
  8.00 	 1919.99 
  8.01 	 1919.73 
  8.02 	 1919.47 
  8.03 	 1919.21 
  8.04 	 1918.94 
  8.05 	 1918.68 
  8.06 	 1918.42 
  8.07 	 1918.16 
  8.08 	 1917.90 
  8.09 	 1917.63 
  8.10 	 1917.37 
  8.11 	 1917.10 
  8.12 	 1916.84 
  8.13 	 1916.57 
  8.14 	 1916.31 
  8.15 	 1916.04 
  8.16 	 1915.78 
  8.17 	 1915.51 
  8.18 	 1915.24 
  8.19 	 1914.98 
  8.20 	 1914.71 
  8.21 	 1914.44 
  8.22 	 1914.17 
  8.23 	 1913.90 
  8.24 	 1913.63 
  8.25 	 1913.36 
  8.26 	 1913.09 
  8.27 	 1912.82 
  8.28 	 1912.55 
  8.29 	 1912.28 
  8.30 	 1912.01 
  8.31 	 1911.74 
  8.32 	 1911.46 
  8.33 	 1911.19 
  8.34 	 1910.92 
  8.35 	 1910.64 
  8.36 	 1910.37 
  8.37 	 1910.09 
  8.38 	 1909.82 
  8.39 	 1909.54 
  8.40 	 1909.27 
  8.41 	 1908.99 
  8.42 	 1908.71 
  8.43 	 1908.44 
  8.44 	 1908.16 
  8.45 	 1907.88 
  8.46 	 1907.60 
  8.47 	 1907.33 
  8.48 	 1907.05 
  8.49 	 1906.77 
  8.50 	 1906.49 
  8.51 	 1906.21 
  8.52 	 1905.93 
  8.53 	 1905.65 
  8.54 	 1905.36 
  8.55 	 1905.08 
  8.56 	 1904.80 
  8.57 	 1904.52 
  8.58 	 1904.23 
  8.59 	 1903.95 
  8.60 	 1903.67 
  8.61 	 1903.38 
  8.62 	 1903.10 
  8.63 	 1902.81 
  8.64 	 1902.53 
  8.65 	 1902.24 
  8.66 	 1901.96 
  8.67 	 1901.67 
  8.68 	 1901.38 
  8.69 	 1901.09 
  8.70 	 1900.81 
  8.71 	 1900.52 
  8.72 	 1900.23 
  8.73 	 1899.94 
  8.74 	 1899.65 
  8.75 	 1899.36 
  8.76 	 1899.07 
  8.77 	 1898.78 
  8.78 	 1898.49 
  8.79 	 1898.20 
  8.80 	 1897.91 
  8.81 	 1897.61 
  8.82 	 1897.32 
  8.83 	 1897.03 
  8.84 	 1896.73 
  8.85 	 1896.44 
  8.86 	 1896.15 
  8.87 	 1895.85 
  8.88 	 1895.56 
  8.89 	 1895.26 
  8.90 	 1894.97 
  8.91 	 1894.67 
  8.92 	 1894.37 
  8.93 	 1894.08 
  8.94 	 1893.78 
  8.95 	 1893.48 
  8.96 	 1893.18 
  8.97 	 1892.88 
  8.98 	 1892.59 
  8.99 	 1892.29 
  9.00 	 1891.99 
  9.01 	 1891.69 
  9.02 	 1891.39 
  9.03 	 1891.08 
  9.04 	 1890.78 
  9.05 	 1890.48 
  9.06 	 1890.18 
  9.07 	 1889.88 
  9.08 	 1889.57 
  9.09 	 1889.27 
  9.10 	 1888.97 
  9.11 	 1888.66 
  9.12 	 1888.36 
  9.13 	 1888.05 
  9.14 	 1887.75 
  9.15 	 1887.44 
  9.16 	 1887.13 
  9.17 	 1886.83 
  9.18 	 1886.52 
  9.19 	 1886.21 
  9.20 	 1885.91 
  9.21 	 1885.60 
  9.22 	 1885.29 
  9.23 	 1884.98 
  9.24 	 1884.67 
  9.25 	 1884.36 
  9.26 	 1884.05 
  9.27 	 1883.74 
  9.28 	 1883.43 
  9.29 	 1883.12 
  9.30 	 1882.81 
  9.31 	 1882.49 
  9.32 	 1882.18 
  9.33 	 1881.87 
  9.34 	 1881.55 
  9.35 	 1881.24 
  9.36 	 1880.93 
  9.37 	 1880.61 
  9.38 	 1880.30 
  9.39 	 1879.98 
  9.40 	 1879.66 
  9.41 	 1879.35 
  9.42 	 1879.03 
  9.43 	 1878.71 
  9.44 	 1878.40 
  9.45 	 1878.08 
  9.46 	 1877.76 
  9.47 	 1877.44 
  9.48 	 1877.12 
  9.49 	 1876.80 
  9.50 	 1876.48 
  9.51 	 1876.16 
  9.52 	 1875.84 
  9.53 	 1875.52 
  9.54 	 1875.20 
  9.55 	 1874.88 
  9.56 	 1874.56 
  9.57 	 1874.23 
  9.58 	 1873.91 
  9.59 	 1873.59 
  9.60 	 1873.26 
  9.61 	 1872.94 
  9.62 	 1872.62 
  9.63 	 1872.29 
  9.64 	 1871.96 
  9.65 	 1871.64 
  9.66 	 1871.31 
  9.67 	 1870.99 
  9.68 	 1870.66 
  9.69 	 1870.33 
  9.70 	 1870.00 
  9.71 	 1869.68 
  9.72 	 1869.35 
  9.73 	 1869.02 
  9.74 	 1868.69 
  9.75 	 1868.36 
  9.76 	 1868.03 
  9.77 	 1867.70 
  9.78 	 1867.37 
  9.79 	 1867.04 
  9.80 	 1866.70 
  9.81 	 1866.37 
  9.82 	 1866.04 
  9.83 	 1865.71 
  9.84 	 1865.37 
  9.85 	 1865.04 
  9.86 	 1864.70 
  9.87 	 1864.37 
  9.88 	 1864.03 
  9.89 	 1863.70 
  9.90 	 1863.36 
  9.91 	 1863.03 
  9.92 	 1862.69 
  9.93 	 1862.35 
  9.94 	 1862.02 
  9.95 	 1861.68 
  9.96 	 1861.34 
  9.97 	 1861.00 
  9.98 	 1860.66 
  9.99 	 1860.32 
 10.00 	 1859.98 
 10.01 	 1859.64 
 10.02 	 1859.30 
 10.03 	 1858.96 
 10.04 	 1858.62 
 10.05 	 1858.28 
 10.06 	 1857.94 
 10.07 	 1857.59 
 10.08 	 1857.25 
 10.09 	 1856.91 
 10.10 	 1856.56 
 10.11 	 1856.22 
 10.12 	 1855.87 
 10.13 	 1855.53 
 10.14 	 1855.18 
 10.15 	 1854.84 
 10.16 	 1854.49 
 10.17 	 1854.14 
 10.18 	 1853.80 
 10.19 	 1853.45 
 10.20 	 1853.10 
 10.21 	 1852.75 
 10.22 	 1852.41 
 10.23 	 1852.06 
 10.24 	 1851.71 
 10.25 	 1851.36 
 10.26 	 1851.01 
 10.27 	 1850.66 
 10.28 	 1850.31 
 10.29 	 1849.95 
 10.30 	 1849.60 
 10.31 	 1849.25 
 10.32 	 1848.90 
 10.33 	 1848.54 
 10.34 	 1848.19 
 10.35 	 1847.84 
 10.36 	 1847.48 
 10.37 	 1847.13 
 10.38 	 1846.77 
 10.39 	 1846.42 
 10.40 	 1846.06 
 10.41 	 1845.71 
 10.42 	 1845.35 
 10.43 	 1844.99 
 10.44 	 1844.63 
 10.45 	 1844.28 
 10.46 	 1843.92 
 10.47 	 1843.56 
 10.48 	 1843.20 
 10.49 	 1842.84 
 10.50 	 1842.48 
 10.51 	 1842.12 
 10.52 	 1841.76 
 10.53 	 1841.40 
 10.54 	 1841.04 
 10.55 	 1840.68 
 10.56 	 1840.31 
 10.57 	 1839.95 
 10.58 	 1839.59 
 10.59 	 1839.23 
 10.60 	 1838.86 
 10.61 	 1838.50 
 10.62 	 1838.13 
 10.63 	 1837.77 
 10.64 	 1837.40 
 10.65 	 1837.04 
 10.66 	 1836.67 
 10.67 	 1836.30 
 10.68 	 1835.94 
 10.69 	 1835.57 
 10.70 	 1835.20 
 10.71 	 1834.83 
 10.72 	 1834.46 
 10.73 	 1834.10 
 10.74 	 1833.73 
 10.75 	 1833.36 
 10.76 	 1832.99 
 10.77 	 1832.62 
 10.78 	 1832.24 
 10.79 	 1831.87 
 10.80 	 1831.50 
 10.81 	 1831.13 
 10.82 	 1830.76 
 10.83 	 1830.38 
 10.84 	 1830.01 
 10.85 	 1829.64 
 10.86 	 1829.26 
 10.87 	 1828.89 
 10.88 	 1828.51 
 10.89 	 1828.14 
 10.90 	 1827.76 
 10.91 	 1827.38 
 10.92 	 1827.01 
 10.93 	 1826.63 
 10.94 	 1826.25 
 10.95 	 1825.88 
 10.96 	 1825.50 
 10.97 	 1825.12 
 10.98 	 1824.74 
 10.99 	 1824.36 
 11.00 	 1823.98 
 11.01 	 1823.60 
 11.02 	 1823.22 
 11.03 	 1822.84 
 11.04 	 1822.46 
 11.05 	 1822.08 
 11.06 	 1821.69 
 11.07 	 1821.31 
 11.08 	 1820.93 
 11.09 	 1820.54 
 11.10 	 1820.16 
 11.11 	 1819.78 
 11.12 	 1819.39 
 11.13 	 1819.01 
 11.14 	 1818.62 
 11.15 	 1818.23 
 11.16 	 1817.85 
 11.17 	 1817.46 
 11.18 	 1817.07 
 11.19 	 1816.69 
 11.20 	 1816.30 
 11.21 	 1815.91 
 11.22 	 1815.52 
 11.23 	 1815.13 
 11.24 	 1814.74 
 11.25 	 1814.35 
 11.26 	 1813.96 
 11.27 	 1813.57 
 11.28 	 1813.18 
 11.29 	 1812.79 
 11.30 	 1812.40 
 11.31 	 1812.01 
 11.32 	 1811.61 
 11.33 	 1811.22 
 11.34 	 1810.83 
 11.35 	 1810.43 
 11.36 	 1810.04 
 11.37 	 1809.65 
 11.38 	 1809.25 
 11.39 	 1808.85 
 11.40 	 1808.46 
 11.41 	 1808.06 
 11.42 	 1807.67 
 11.43 	 1807.27 
 11.44 	 1806.87 
 11.45 	 1806.47 
 11.46 	 1806.08 
 11.47 	 1805.68 
 11.48 	 1805.28 
 11.49 	 1804.88 
 11.50 	 1804.48 
 11.51 	 1804.08 
 11.52 	 1803.68 
 11.53 	 1803.28 
 11.54 	 1802.88 
 11.55 	 1802.47 
 11.56 	 1802.07 
 11.57 	 1801.67 
 11.58 	 1801.27 
 11.59 	 1800.86 
 11.60 	 1800.46 
 11.61 	 1800.05 
 11.62 	 1799.65 
 11.63 	 1799.24 
 11.64 	 1798.84 
 11.65 	 1798.43 
 11.66 	 1798.03 
 11.67 	 1797.62 
 11.68 	 1797.21 
 11.69 	 1796.81 
 11.70 	 1796.40 
 11.71 	 1795.99 
 11.72 	 1795.58 
 11.73 	 1795.17 
 11.74 	 1794.76 
 11.75 	 1794.35 
 11.76 	 1793.94 
 11.77 	 1793.53 
 11.78 	 1793.12 
 11.79 	 1792.71 
 11.80 	 1792.30 
 11.81 	 1791.89 
 11.82 	 1791.47 
 11.83 	 1791.06 
 11.84 	 1790.65 
 11.85 	 1790.23 
 11.86 	 1789.82 
 11.87 	 1789.40 
 11.88 	 1788.99 
 11.89 	 1788.57 
 11.90 	 1788.16 
 11.91 	 1787.74 
 11.92 	 1787.32 
 11.93 	 1786.91 
 11.94 	 1786.49 
 11.95 	 1786.07 
 11.96 	 1785.65 
 11.97 	 1785.24 
 11.98 	 1784.82 
 11.99 	 1784.40 
 12.00 	 1783.98 
 12.01 	 1783.56 
 12.02 	 1783.14 
 12.03 	 1782.72 
 12.04 	 1782.29 
 12.05 	 1781.87 
 12.06 	 1781.45 
 12.07 	 1781.03 
 12.08 	 1780.60 
 12.09 	 1780.18 
 12.10 	 1779.76 
 12.11 	 1779.33 
 12.12 	 1778.91 
 12.13 	 1778.48 
 12.14 	 1778.06 
 12.15 	 1777.63 
 12.16 	 1777.21 
 12.17 	 1776.78 
 12.18 	 1776.35 
 12.19 	 1775.92 
 12.20 	 1775.50 
 12.21 	 1775.07 
 12.22 	 1774.64 
 12.23 	 1774.21 
 12.24 	 1773.78 
 12.25 	 1773.35 
 12.26 	 1772.92 
 12.27 	 1772.49 
 12.28 	 1772.06 
 12.29 	 1771.63 
 12.30 	 1771.20 
 12.31 	 1770.76 
 12.32 	 1770.33 
 12.33 	 1769.90 
 12.34 	 1769.46 
 12.35 	 1769.03 
 12.36 	 1768.60 
 12.37 	 1768.16 
 12.38 	 1767.73 
 12.39 	 1767.29 
 12.40 	 1766.86 
 12.41 	 1766.42 
 12.42 	 1765.98 
 12.43 	 1765.55 
 12.44 	 1765.11 
 12.45 	 1764.67 
 12.46 	 1764.23 
 12.47 	 1763.79 
 12.48 	 1763.35 
 12.49 	 1762.92 
 12.50 	 1762.48 
 12.51 	 1762.04 
 12.52 	 1761.59 
 12.53 	 1761.15 
 12.54 	 1760.71 
 12.55 	 1760.27 
 12.56 	 1759.83 
 12.57 	 1759.39 
 12.58 	 1758.94 
 12.59 	 1758.50 
 12.60 	 1758.06 
 12.61 	 1757.61 
 12.62 	 1757.17 
 12.63 	 1756.72 
 12.64 	 1756.28 
 12.65 	 1755.83 
 12.66 	 1755.38 
 12.67 	 1754.94 
 12.68 	 1754.49 
 12.69 	 1754.04 
 12.70 	 1753.59 
 12.71 	 1753.15 
 12.72 	 1752.70 
 12.73 	 1752.25 
 12.74 	 1751.80 
 12.75 	 1751.35 
 12.76 	 1750.90 
 12.77 	 1750.45 
 12.78 	 1750.00 
 12.79 	 1749.55 
 12.80 	 1749.09 
 12.81 	 1748.64 
 12.82 	 1748.19 
 12.83 	 1747.74 
 12.84 	 1747.28 
 12.85 	 1746.83 
 12.86 	 1746.38 
 12.87 	 1745.92 
 12.88 	 1745.47 
 12.89 	 1745.01 
 12.90 	 1744.55 
 12.91 	 1744.10 
 12.92 	 1743.64 
 12.93 	 1743.18 
 12.94 	 1742.73 
 12.95 	 1742.27 
 12.96 	 1741.81 
 12.97 	 1741.35 
 12.98 	 1740.89 
 12.99 	 1740.43 
 13.00 	 1739.97 
 13.01 	 1739.51 
 13.02 	 1739.05 
 13.03 	 1738.59 
 13.04 	 1738.13 
 13.05 	 1737.67 
 13.06 	 1737.21 
 13.07 	 1736.74 
 13.08 	 1736.28 
 13.09 	 1735.82 
 13.10 	 1735.35 
 13.11 	 1734.89 
 13.12 	 1734.42 
 13.13 	 1733.96 
 13.14 	 1733.49 
 13.15 	 1733.03 
 13.16 	 1732.56 
 13.17 	 1732.10 
 13.18 	 1731.63 
 13.19 	 1731.16 
 13.20 	 1730.69 
 13.21 	 1730.23 
 13.22 	 1729.76 
 13.23 	 1729.29 
 13.24 	 1728.82 
 13.25 	 1728.35 
 13.26 	 1727.88 
 13.27 	 1727.41 
 13.28 	 1726.94 
 13.29 	 1726.46 
 13.30 	 1725.99 
 13.31 	 1725.52 
 13.32 	 1725.05 
 13.33 	 1724.58 
 13.34 	 1724.10 
 13.35 	 1723.63 
 13.36 	 1723.15 
 13.37 	 1722.68 
 13.38 	 1722.20 
 13.39 	 1721.73 
 13.40 	 1721.25 
 13.41 	 1720.78 
 13.42 	 1720.30 
 13.43 	 1719.82 
 13.44 	 1719.35 
 13.45 	 1718.87 
 13.46 	 1718.39 
 13.47 	 1717.91 
 13.48 	 1717.43 
 13.49 	 1716.95 
 13.50 	 1716.47 
 13.51 	 1715.99 
 13.52 	 1715.51 
 13.53 	 1715.03 
 13.54 	 1714.55 
 13.55 	 1714.07 
 13.56 	 1713.58 
 13.57 	 1713.10 
 13.58 	 1712.62 
 13.59 	 1712.14 
 13.60 	 1711.65 
 13.61 	 1711.17 
 13.62 	 1710.68 
 13.63 	 1710.20 
 13.64 	 1709.71 
 13.65 	 1709.23 
 13.66 	 1708.74 
 13.67 	 1708.25 
 13.68 	 1707.77 
 13.69 	 1707.28 
 13.70 	 1706.79 
 13.71 	 1706.30 
 13.72 	 1705.81 
 13.73 	 1705.33 
 13.74 	 1704.84 
 13.75 	 1704.35 
 13.76 	 1703.86 
 13.77 	 1703.37 
 13.78 	 1702.87 
 13.79 	 1702.38 
 13.80 	 1701.89 
 13.81 	 1701.40 
 13.82 	 1700.91 
 13.83 	 1700.41 
 13.84 	 1699.92 
 13.85 	 1699.43 
 13.86 	 1698.93 
 13.87 	 1698.44 
 13.88 	 1697.94 
 13.89 	 1697.45 
 13.90 	 1696.95 
 13.91 	 1696.45 
 13.92 	 1695.96 
 13.93 	 1695.46 
 13.94 	 1694.96 
 13.95 	 1694.47 
 13.96 	 1693.97 
 13.97 	 1693.47 
 13.98 	 1692.97 
 13.99 	 1692.47 
 14.00 	 1691.97 
 14.01 	 1691.47 
 14.02 	 1690.97 
 14.03 	 1690.47 
 14.04 	 1689.97 
 14.05 	 1689.47 
 14.06 	 1688.96 
 14.07 	 1688.46 
 14.08 	 1687.96 
 14.09 	 1687.45 
 14.10 	 1686.95 
 14.11 	 1686.45 
 14.12 	 1685.94 
 14.13 	 1685.44 
 14.14 	 1684.93 
 14.15 	 1684.43 
 14.16 	 1683.92 
 14.17 	 1683.41 
 14.18 	 1682.91 
 14.19 	 1682.40 
 14.20 	 1681.89 
 14.21 	 1681.38 
 14.22 	 1680.87 
 14.23 	 1680.36 
 14.24 	 1679.85 
 14.25 	 1679.34 
 14.26 	 1678.83 
 14.27 	 1678.32 
 14.28 	 1677.81 
 14.29 	 1677.30 
 14.30 	 1676.79 
 14.31 	 1676.28 
 14.32 	 1675.76 
 14.33 	 1675.25 
 14.34 	 1674.74 
 14.35 	 1674.22 
 14.36 	 1673.71 
 14.37 	 1673.20 
 14.38 	 1672.68 
 14.39 	 1672.17 
 14.40 	 1671.65 
 14.41 	 1671.13 
 14.42 	 1670.62 
 14.43 	 1670.10 
 14.44 	 1669.58 
 14.45 	 1669.06 
 14.46 	 1668.55 
 14.47 	 1668.03 
 14.48 	 1667.51 
 14.49 	 1666.99 
 14.50 	 1666.47 
 14.51 	 1665.95 
 14.52 	 1665.43 
 14.53 	 1664.91 
 14.54 	 1664.39 
 14.55 	 1663.86 
 14.56 	 1663.34 
 14.57 	 1662.82 
 14.58 	 1662.30 
 14.59 	 1661.77 
 14.60 	 1661.25 
 14.61 	 1660.72 
 14.62 	 1660.20 
 14.63 	 1659.67 
 14.64 	 1659.15 
 14.65 	 1658.62 
 14.66 	 1658.10 
 14.67 	 1657.57 
 14.68 	 1657.04 
 14.69 	 1656.52 
 14.70 	 1655.99 
 14.71 	 1655.46 
 14.72 	 1654.93 
 14.73 	 1654.40 
 14.74 	 1653.87 
 14.75 	 1653.34 
 14.76 	 1652.81 
 14.77 	 1652.28 
 14.78 	 1651.75 
 14.79 	 1651.22 
 14.80 	 1650.69 
 14.81 	 1650.16 
 14.82 	 1649.62 
 14.83 	 1649.09 
 14.84 	 1648.56 
 14.85 	 1648.02 
 14.86 	 1647.49 
 14.87 	 1646.95 
 14.88 	 1646.42 
 14.89 	 1645.88 
 14.90 	 1645.35 
 14.91 	 1644.81 
 14.92 	 1644.27 
 14.93 	 1643.74 
 14.94 	 1643.20 
 14.95 	 1642.66 
 14.96 	 1642.12 
 14.97 	 1641.59 
 14.98 	 1641.05 
 14.99 	 1640.51 
 15.00 	 1639.97 
 15.01 	 1639.43 
 15.02 	 1638.89 
 15.03 	 1638.35 
 15.04 	 1637.80 
 15.05 	 1637.26 
 15.06 	 1636.72 
 15.07 	 1636.18 
 15.08 	 1635.63 
 15.09 	 1635.09 
 15.10 	 1634.55 
 15.11 	 1634.00 
 15.12 	 1633.46 
 15.13 	 1632.91 
 15.14 	 1632.37 
 15.15 	 1631.82 
 15.16 	 1631.28 
 15.17 	 1630.73 
 15.18 	 1630.18 
 15.19 	 1629.63 
 15.20 	 1629.09 
 15.21 	 1628.54 
 15.22 	 1627.99 
 15.23 	 1627.44 
 15.24 	 1626.89 
 15.25 	 1626.34 
 15.26 	 1625.79 
 15.27 	 1625.24 
 15.28 	 1624.69 
 15.29 	 1624.14 
 15.30 	 1623.59 
 15.31 	 1623.03 
 15.32 	 1622.48 
 15.33 	 1621.93 
 15.34 	 1621.37 
 15.35 	 1620.82 
 15.36 	 1620.27 
 15.37 	 1619.71 
 15.38 	 1619.16 
 15.39 	 1618.60 
 15.40 	 1618.05 
 15.41 	 1617.49 
 15.42 	 1616.93 
 15.43 	 1616.38 
 15.44 	 1615.82 
 15.45 	 1615.26 
 15.46 	 1614.70 
 15.47 	 1614.14 
 15.48 	 1613.58 
 15.49 	 1613.03 
 15.50 	 1612.47 
 15.51 	 1611.90 
 15.52 	 1611.34 
 15.53 	 1610.78 
 15.54 	 1610.22 
 15.55 	 1609.66 
 15.56 	 1609.10 
 15.57 	 1608.54 
 15.58 	 1607.97 
 15.59 	 1607.41 
 15.60 	 1606.84 
 15.61 	 1606.28 
 15.62 	 1605.72 
 15.63 	 1605.15 
 15.64 	 1604.59 
 15.65 	 1604.02 
 15.66 	 1603.45 
 15.67 	 1602.89 
 15.68 	 1602.32 
 15.69 	 1601.75 
 15.70 	 1601.18 
 15.71 	 1600.62 
 15.72 	 1600.05 
 15.73 	 1599.48 
 15.74 	 1598.91 
 15.75 	 1598.34 
 15.76 	 1597.77 
 15.77 	 1597.20 
 15.78 	 1596.63 
 15.79 	 1596.06 
 15.80 	 1595.48 
 15.81 	 1594.91 
 15.82 	 1594.34 
 15.83 	 1593.77 
 15.84 	 1593.19 
 15.85 	 1592.62 
 15.86 	 1592.04 
 15.87 	 1591.47 
 15.88 	 1590.89 
 15.89 	 1590.32 
 15.90 	 1589.74 
 15.91 	 1589.17 
 15.92 	 1588.59 
 15.93 	 1588.01 
 15.94 	 1587.44 
 15.95 	 1586.86 
 15.96 	 1586.28 
 15.97 	 1585.70 
 15.98 	 1585.12 
 15.99 	 1584.54 
 16.00 	 1583.96 
 16.01 	 1583.38 
 16.02 	 1582.80 
 16.03 	 1582.22 
 16.04 	 1581.64 
 16.05 	 1581.06 
 16.06 	 1580.48 
 16.07 	 1579.89 
 16.08 	 1579.31 
 16.09 	 1578.73 
 16.10 	 1578.14 
 16.11 	 1577.56 
 16.12 	 1576.97 
 16.13 	 1576.39 
 16.14 	 1575.80 
 16.15 	 1575.22 
 16.16 	 1574.63 
 16.17 	 1574.04 
 16.18 	 1573.46 
 16.19 	 1572.87 
 16.20 	 1572.28 
 16.21 	 1571.69 
 16.22 	 1571.11 
 16.23 	 1570.52 
 16.24 	 1569.93 
 16.25 	 1569.34 
 16.26 	 1568.75 
 16.27 	 1568.16 
 16.28 	 1567.57 
 16.29 	 1566.97 
 16.30 	 1566.38 
 16.31 	 1565.79 
 16.32 	 1565.20 
 16.33 	 1564.60 
 16.34 	 1564.01 
 16.35 	 1563.42 
 16.36 	 1562.82 
 16.37 	 1562.23 
 16.38 	 1561.63 
 16.39 	 1561.04 
 16.40 	 1560.44 
 16.41 	 1559.85 
 16.42 	 1559.25 
 16.43 	 1558.65 
 16.44 	 1558.05 
 16.45 	 1557.46 
 16.46 	 1556.86 
 16.47 	 1556.26 
 16.48 	 1555.66 
 16.49 	 1555.06 
 16.50 	 1554.46 
 16.51 	 1553.86 
 16.52 	 1553.26 
 16.53 	 1552.66 
 16.54 	 1552.06 
 16.55 	 1551.46 
 16.56 	 1550.85 
 16.57 	 1550.25 
 16.58 	 1549.65 
 16.59 	 1549.04 
 16.60 	 1548.44 
 16.61 	 1547.84 
 16.62 	 1547.23 
 16.63 	 1546.63 
 16.64 	 1546.02 
 16.65 	 1545.42 
 16.66 	 1544.81 
 16.67 	 1544.20 
 16.68 	 1543.60 
 16.69 	 1542.99 
 16.70 	 1542.38 
 16.71 	 1541.77 
 16.72 	 1541.16 
 16.73 	 1540.55 
 16.74 	 1539.95 
 16.75 	 1539.34 
 16.76 	 1538.73 
 16.77 	 1538.11 
 16.78 	 1537.50 
 16.79 	 1536.89 
 16.80 	 1536.28 
 16.81 	 1535.67 
 16.82 	 1535.06 
 16.83 	 1534.44 
 16.84 	 1533.83 
 16.85 	 1533.21 
 16.86 	 1532.60 
 16.87 	 1531.99 
 16.88 	 1531.37 
 16.89 	 1530.76 
 16.90 	 1530.14 
 16.91 	 1529.52 
 16.92 	 1528.91 
 16.93 	 1528.29 
 16.94 	 1527.67 
 16.95 	 1527.05 
 16.96 	 1526.44 
 16.97 	 1525.82 
 16.98 	 1525.20 
 16.99 	 1524.58 
 17.00 	 1523.96 
 17.01 	 1523.34 
 17.02 	 1522.72 
 17.03 	 1522.10 
 17.04 	 1521.48 
 17.05 	 1520.85 
 17.06 	 1520.23 
 17.07 	 1519.61 
 17.08 	 1518.99 
 17.09 	 1518.36 
 17.10 	 1517.74 
 17.11 	 1517.11 
 17.12 	 1516.49 
 17.13 	 1515.86 
 17.14 	 1515.24 
 17.15 	 1514.61 
 17.16 	 1513.99 
 17.17 	 1513.36 
 17.18 	 1512.73 
 17.19 	 1512.11 
 17.20 	 1511.48 
 17.21 	 1510.85 
 17.22 	 1510.22 
 17.23 	 1509.59 
 17.24 	 1508.96 
 17.25 	 1508.33 
 17.26 	 1507.70 
 17.27 	 1507.07 
 17.28 	 1506.44 
 17.29 	 1505.81 
 17.30 	 1505.18 
 17.31 	 1504.55 
 17.32 	 1503.91 
 17.33 	 1503.28 
 17.34 	 1502.65 
 17.35 	 1502.01 
 17.36 	 1501.38 
 17.37 	 1500.74 
 17.38 	 1500.11 
 17.39 	 1499.47 
 17.40 	 1498.84 
 17.41 	 1498.20 
 17.42 	 1497.56 
 17.43 	 1496.93 
 17.44 	 1496.29 
 17.45 	 1495.65 
 17.46 	 1495.01 
 17.47 	 1494.38 
 17.48 	 1493.74 
 17.49 	 1493.10 
 17.50 	 1492.46 
 17.51 	 1491.82 
 17.52 	 1491.18 
 17.53 	 1490.54 
 17.54 	 1489.89 
 17.55 	 1489.25 
 17.56 	 1488.61 
 17.57 	 1487.97 
 17.58 	 1487.32 
 17.59 	 1486.68 
 17.60 	 1486.04 
 17.61 	 1485.39 
 17.62 	 1484.75 
 17.63 	 1484.10 
 17.64 	 1483.46 
 17.65 	 1482.81 
 17.66 	 1482.17 
 17.67 	 1481.52 
 17.68 	 1480.87 
 17.69 	 1480.22 
 17.70 	 1479.58 
 17.71 	 1478.93 
 17.72 	 1478.28 
 17.73 	 1477.63 
 17.74 	 1476.98 
 17.75 	 1476.33 
 17.76 	 1475.68 
 17.77 	 1475.03 
 17.78 	 1474.38 
 17.79 	 1473.73 
 17.80 	 1473.08 
 17.81 	 1472.42 
 17.82 	 1471.77 
 17.83 	 1471.12 
 17.84 	 1470.46 
 17.85 	 1469.81 
 17.86 	 1469.16 
 17.87 	 1468.50 
 17.88 	 1467.85 
 17.89 	 1467.19 
 17.90 	 1466.54 
 17.91 	 1465.88 
 17.92 	 1465.22 
 17.93 	 1464.57 
 17.94 	 1463.91 
 17.95 	 1463.25 
 17.96 	 1462.59 
 17.97 	 1461.93 
 17.98 	 1461.27 
 17.99 	 1460.61 
 18.00 	 1459.96 
 18.01 	 1459.29 
 18.02 	 1458.63 
 18.03 	 1457.97 
 18.04 	 1457.31 
 18.05 	 1456.65 
 18.06 	 1455.99 
 18.07 	 1455.33 
 18.08 	 1454.66 
 18.09 	 1454.00 
 18.10 	 1453.33 
 18.11 	 1452.67 
 18.12 	 1452.01 
 18.13 	 1451.34 
 18.14 	 1450.68 
 18.15 	 1450.01 
 18.16 	 1449.34 
 18.17 	 1448.68 
 18.18 	 1448.01 
 18.19 	 1447.34 
 18.20 	 1446.67 
 18.21 	 1446.01 
 18.22 	 1445.34 
 18.23 	 1444.67 
 18.24 	 1444.00 
 18.25 	 1443.33 
 18.26 	 1442.66 
 18.27 	 1441.99 
 18.28 	 1441.32 
 18.29 	 1440.65 
 18.30 	 1439.97 
 18.31 	 1439.30 
 18.32 	 1438.63 
 18.33 	 1437.96 
 18.34 	 1437.28 
 18.35 	 1436.61 
 18.36 	 1435.93 
 18.37 	 1435.26 
 18.38 	 1434.58 
 18.39 	 1433.91 
 18.40 	 1433.23 
 18.41 	 1432.56 
 18.42 	 1431.88 
 18.43 	 1431.20 
 18.44 	 1430.53 
 18.45 	 1429.85 
 18.46 	 1429.17 
 18.47 	 1428.49 
 18.48 	 1427.81 
 18.49 	 1427.13 
 18.50 	 1426.45 
 18.51 	 1425.77 
 18.52 	 1425.09 
 18.53 	 1424.41 
 18.54 	 1423.73 
 18.55 	 1423.05 
 18.56 	 1422.37 
 18.57 	 1421.68 
 18.58 	 1421.00 
 18.59 	 1420.32 
 18.60 	 1419.63 
 18.61 	 1418.95 
 18.62 	 1418.26 
 18.63 	 1417.58 
 18.64 	 1416.89 
 18.65 	 1416.21 
 18.66 	 1415.52 
 18.67 	 1414.83 
 18.68 	 1414.15 
 18.69 	 1413.46 
 18.70 	 1412.77 
 18.71 	 1412.08 
 18.72 	 1411.40 
 18.73 	 1410.71 
 18.74 	 1410.02 
 18.75 	 1409.33 
 18.76 	 1408.64 
 18.77 	 1407.95 
 18.78 	 1407.26 
 18.79 	 1406.56 
 18.80 	 1405.87 
 18.81 	 1405.18 
 18.82 	 1404.49 
 18.83 	 1403.79 
 18.84 	 1403.10 
 18.85 	 1402.41 
 18.86 	 1401.71 
 18.87 	 1401.02 
 18.88 	 1400.32 
 18.89 	 1399.63 
 18.90 	 1398.93 
 18.91 	 1398.24 
 18.92 	 1397.54 
 18.93 	 1396.84 
 18.94 	 1396.14 
 18.95 	 1395.45 
 18.96 	 1394.75 
 18.97 	 1394.05 
 18.98 	 1393.35 
 18.99 	 1392.65 
 19.00 	 1391.95 
 19.01 	 1391.25 
 19.02 	 1390.55 
 19.03 	 1389.85 
 19.04 	 1389.15 
 19.05 	 1388.45 
 19.06 	 1387.74 
 19.07 	 1387.04 
 19.08 	 1386.34 
 19.09 	 1385.63 
 19.10 	 1384.93 
 19.11 	 1384.23 
 19.12 	 1383.52 
 19.13 	 1382.82 
 19.14 	 1382.11 
 19.15 	 1381.41 
 19.16 	 1380.70 
 19.17 	 1379.99 
 19.18 	 1379.29 
 19.19 	 1378.58 
 19.20 	 1377.87 
 19.21 	 1377.16 
 19.22 	 1376.45 
 19.23 	 1375.74 
 19.24 	 1375.03 
 19.25 	 1374.32 
 19.26 	 1373.61 
 19.27 	 1372.90 
 19.28 	 1372.19 
 19.29 	 1371.48 
 19.30 	 1370.77 
 19.31 	 1370.06 
 19.32 	 1369.34 
 19.33 	 1368.63 
 19.34 	 1367.92 
 19.35 	 1367.20 
 19.36 	 1366.49 
 19.37 	 1365.78 
 19.38 	 1365.06 
 19.39 	 1364.34 
 19.40 	 1363.63 
 19.41 	 1362.91 
 19.42 	 1362.20 
 19.43 	 1361.48 
 19.44 	 1360.76 
 19.45 	 1360.04 
 19.46 	 1359.33 
 19.47 	 1358.61 
 19.48 	 1357.89 
 19.49 	 1357.17 
 19.50 	 1356.45 
 19.51 	 1355.73 
 19.52 	 1355.01 
 19.53 	 1354.29 
 19.54 	 1353.57 
 19.55 	 1352.84 
 19.56 	 1352.12 
 19.57 	 1351.40 
 19.58 	 1350.68 
 19.59 	 1349.95 
 19.60 	 1349.23 
 19.61 	 1348.50 
 19.62 	 1347.78 
 19.63 	 1347.05 
 19.64 	 1346.33 
 19.65 	 1345.60 
 19.66 	 1344.88 
 19.67 	 1344.15 
 19.68 	 1343.42 
 19.69 	 1342.70 
 19.70 	 1341.97 
 19.71 	 1341.24 
 19.72 	 1340.51 
 19.73 	 1339.78 
 19.74 	 1339.05 
 19.75 	 1338.32 
 19.76 	 1337.59 
 19.77 	 1336.86 
 19.78 	 1336.13 
 19.79 	 1335.40 
 19.80 	 1334.67 
 19.81 	 1333.94 
 19.82 	 1333.20 
 19.83 	 1332.47 
 19.84 	 1331.74 
 19.85 	 1331.00 
 19.86 	 1330.27 
 19.87 	 1329.53 
 19.88 	 1328.80 
 19.89 	 1328.06 
 19.90 	 1327.33 
 19.91 	 1326.59 
 19.92 	 1325.85 
 19.93 	 1325.12 
 19.94 	 1324.38 
 19.95 	 1323.64 
 19.96 	 1322.90 
 19.97 	 1322.16 
 19.98 	 1321.43 
 19.99 	 1320.69 
